5339.155423844577
127.74429356951484
82.72202220294291
147.77197595646365
4487.05519957852
50.00568023476117
116.64220753520156
118.63566174844068
1788.8901359081656
4373.562733116949
346.85341219657334
336.4314822638671
343.2859134401626
5760.95114431464
649.391419631984
385.4835005797222
651.1706461561847
1995.3830107539984
5771.116912840372
172.19008177725232
-252.10609395889796
179.11348499411778
5046.946275906551
224.16485565846872
-230.69861589895487
229.97823976726153
1693.597363451853
4460.637408600692
279.63697903879705
465.0916756474072
300.38369252083766
5689.379323147074
358.92247153120286
476.0464218136413
339.31691979513613
1646.2262562415963
5664.694243246633
397.583964205374
378.32622134168247
373.03218365411925
7088.224165902775
536.074655963221
393.6427640534211
486.7815867378512
2651.9155151322893
4476.517441181758
152.05797635369436
-53.15975376552116
110.30826305777839
4688.775494727272
-136.8837434749192
3.907395777192092
-58.5559637748763
1506.5088844810402
6440.931805600213
453.5094540322902
55.00920171772319
484.42378324711314
7391.482648099059
129.72704394077246
135.55094103618336
180.59171437395224
2614.148919597366
6990.806515820698
373.36406676979817
416.7618858518475
425.8918876260911
7879.6833273652965
720.2510702873532
572.3213254794156
971.1688601805768
3178.1586485349912
4965.091220296697
216.00794139288547
65.18104091861542
201.30394701509533
4932.208668041546
-92.61814130939399
171.61022813939346
-26.15672605499486
1915.900149826246
4871.059877345103
172.79874540423185
-102.12997025119758
154.36233394576803
5152.478192283893
-321.8844329594601
-73.2540652553968
-322.4871259211527
1781.5719494273458