c1_values:
    5339.155423844577
    4373.562733116949
    5771.116912840372
    4460.637408600692
    5664.694243246633
    4476.517441181758
    6440.931805600213
    6990.806515820698
    4965.091220296697
    4871.059877345103
  Average: 5335.35735818937
  Standard Deviation: 839.1441728667485

c2_values:
    127.74429356951484
    346.85341219657334
    172.19008177725232
    279.63697903879705
    397.583964205374
    152.05797635369436
    453.5094540322902
    373.36406676979817
    216.00794139288547
    172.79874540423185
  Average: 269.1746914740412
  Standard Deviation: 110.77320897879018

c3_values:
    82.72202220294291
    336.4314822638671
    -252.10609395889796
    465.0916756474072
    378.32622134168247
    -53.15975376552116
    55.00920171772319
    416.7618858518475
    65.18104091861542
    -102.12997025119758
  Average: 139.21277119684692
  Standard Deviation: 233.11952681114406

c4_values:
    147.77197595646365
    343.2859134401626
    179.11348499411778
    300.38369252083766
    373.03218365411925
    110.30826305777839
    484.42378324711314
    425.8918876260911
    201.30394701509533
    154.36233394576803
  Average: 271.9877465457547
  Standard Deviation: 124.07363525750567

c5_values:
    4487.05519957852
    5760.95114431464
    5046.946275906551
    5689.379323147074
    7088.224165902775
    4688.775494727272
    7391.482648099059
    7879.6833273652965
    4932.208668041546
    5152.478192283893
  Average: 5811.718443936663
  Standard Deviation: 1150.1256426871737

c6_values:
    50.00568023476117
    649.391419631984
    224.16485565846872
    358.92247153120286
    536.074655963221
    -136.8837434749192
    129.72704394077246
    720.2510702873532
    -92.61814130939399
    -321.8844329594601
  Average: 211.71508795039898
  Standard Deviation: 333.00808350941037

c7_values:
    116.64220753520156
    385.4835005797222
    -230.69861589895487
    476.0464218136413
    393.6427640534211
    3.907395777192092
    135.55094103618336
    572.3213254794156
    171.61022813939346
    -73.2540652553968
  Average: 195.12521032598187
  Standard Deviation: 244.33959625401351

c8_values:
    118.63566174844068
    651.1706461561847
    229.97823976726153
    339.31691979513613
    486.7815867378512
    -58.5559637748763
    180.59171437395224
    971.1688601805768
    -26.15672605499486
    -322.4871259211527
  Average: 257.0443813008379
  Standard Deviation: 355.84477106805224

c9_values:
    1788.8901359081656
    1995.3830107539984
    1693.597363451853
    1646.2262562415963
    2651.9155151322893
    1506.5088844810402
    2614.148919597366
    3178.1586485349912
    1915.900149826246
    1781.5719494273458
  Average: 2077.23008333549
  Standard Deviation: 518.8959323068518

