2019863845.730766
22922768.158930555
-124278777.40589166
2546658.1564757107
2102819011.3287656
-209068694.76681727
-55613071.30978098
-196454075.62911394
528767123.2740888
2005316028.191355
15510777.80191838
-121662895.67862855
-1128909.8625838992
2094733247.8569674
-208892774.18942127
-62950050.635860525
-201128194.73811987
520077916.8472216
1991594369.264653
11893021.71934656
-119478604.18046188
-5390125.287349011
2091916052.737322
-207071641.46845877
-70278718.96386082
-204398229.87052426
512578227.2343527
1976790425.5232594
8261151.568456325
-116575734.05666667
-10064923.347835919
2090831376.7092943
-204864485.90074483
-76177542.0680619
-205538071.1358326
506868405.03540856
1967665525.8866806
6231262.609607374
-113099099.6213454
-10064923.347836621
2090831376.7092893
-204864485.900746
-80859739.5270417
-206189220.70814878
502334171.19352716
1958268429.946222
4050889.3468636926
-108662361.9576035
-10064923.34783559
2090831376.7092772
-204864485.90074664
-80859739.52704051
-206189220.70814842
502334171.1935265
1944694846.9211185
901461.3006812213
-102253740.88775462
-10064923.347837629
2090831376.7092872
-204864485.90074566
-80859739.52704062
-206189220.70815128
502334171.1935229
1923364930.738807
-4047639.9147499334
-92183050.63513462
-10064923.347835397
2090831376.709293
-204864485.90074506
-80859739.52703889
-206189220.70815042
502334171.1935255
1895728097.8742602
-10460111.579030339
-79134617.58160464
-10064923.347836193
2090831376.7092907
-204864485.90074608
-80859739.52704044
-206189220.70815033
502334171.1935246
1895728097.8742595
-10460111.579030983
-79134617.5816072
-10064923.347837478
2090831376.7092798
-204864485.90074608
-80859739.52703942
-206189220.7081489
502334171.19352955
1895728097.8742473
-10460111.57903033
-79134617.58160564
-10064923.347836044
2090831376.7092705
-204864485.90074342
-80859739.52704012
-206189220.70815203
502334171.1935255
1895728097.8742473
-10460111.57903033
-79134617.58160564
-10064923.347836044
2090831376.7092705
-204864485.90074342
-80859739.52704012
-206189220.70815203
502334171.1935255
1895728097.8742595
-10460111.579030983
-79134617.5816072
-10064923.347837478
2090831376.7092798
-204864485.90074608
-80859739.52703942
-206189220.7081489
502334171.19352955
1895728097.8742602
-10460111.579030339
-79134617.58160464
-10064923.347836193
2090831376.7092907
-204864485.90074608
-93756088.34824458
-209181512.61779281
508423043.42621434
1895728097.8742468
-10460111.579030879
-79134617.58160625
-10064923.347835397
2090831376.709293
-204864485.90074506
-112953012.91232683
-213635703.71167767
517486664.65357274
1895728097.8742504
-10460111.579030827
-79134617.58160424
-10064923.347837629
2090831376.7092872
-204864485.90074566
-123617971.00348489
-216110254.31939253
522522009.7798846
1895728097.8742564
-10460111.579030365
-79134617.58160433
-10064923.34783559
2090831376.7092772
-204864485.90074664
-130404762.51603849
-217684968.34248683
525726320.31480867
1895728097.874254
-10460111.579030242
-79134617.58160497
-10064923.347836621
2090831376.7092893
-204864485.900746
-142700045.55486414
-229520140.59805954
538551365.5107287
1895728097.874235
-10460111.579030462
-79134617.5816069
-10064923.347835919
2090831376.7092943
-204864485.90074483
-156175618.46207526
-244019120.82767558
553520167.8499523
1895728097.8742402
-10460111.579031374
-79134617.5816042
-10064923.347836433
2090831376.7092755
-204864485.90074483
-171518934.04613054
-262944956.93167397
569455400.8453948
1895728097.8742483
-10460111.579030782
-79134617.58160388
-10064923.347837854
2090831376.7092803
-204864485.90074468
-186584760.57909426
-280598303.3433039
584006599.4223626
1895728097.8742511
-10460111.57903112
-79134617.58160597
-10064923.347836394
2090831376.7092853
-204864485.9007477
-206260922.06940797
-300440241.1588247
602500764.2274728
