c1_values:
    2019863845.730766
    2005316028.191355
    1991594369.264653
    1976790425.5232594
    1967665525.8866806
    1958268429.946222
    1944694846.9211185
    1923364930.738807
    1895728097.8742602
    1895728097.8742595
    1895728097.8742473
    1895728097.8742473
    1895728097.8742595
    1895728097.8742602
    1895728097.8742468
    1895728097.8742504
    1895728097.8742564
    1895728097.874254
    1895728097.874235
    1895728097.8742402
    1895728097.8742483
    1895728097.8742511
c2_values:
    22922768.158930555
    15510777.80191838
    11893021.71934656
    8261151.568456325
    6231262.609607374
    4050889.3468636926
    901461.3006812213
    -4047639.9147499334
    -10460111.579030339
    -10460111.579030983
    -10460111.57903033
    -10460111.57903033
    -10460111.579030983
    -10460111.579030339
    -10460111.579030879
    -10460111.579030827
    -10460111.579030365
    -10460111.579030242
    -10460111.579030462
    -10460111.579031374
    -10460111.579030782
    -10460111.57903112
c3_values:
    -124278777.40589166
    -121662895.67862855
    -119478604.18046188
    -116575734.05666667
    -113099099.6213454
    -108662361.9576035
    -102253740.88775462
    -92183050.63513462
    -79134617.58160464
    -79134617.5816072
    -79134617.58160564
    -79134617.58160564
    -79134617.5816072
    -79134617.58160464
    -79134617.58160625
    -79134617.58160424
    -79134617.58160433
    -79134617.58160497
    -79134617.5816069
    -79134617.5816042
    -79134617.58160388
    -79134617.58160597
c4_values:
    2546658.1564757107
    -1128909.8625838992
    -5390125.287349011
    -10064923.347835919
    -10064923.347836621
    -10064923.34783559
    -10064923.347837629
    -10064923.347835397
    -10064923.347836193
    -10064923.347837478
    -10064923.347836044
    -10064923.347836044
    -10064923.347837478
    -10064923.347836193
    -10064923.347835397
    -10064923.347837629
    -10064923.34783559
    -10064923.347836621
    -10064923.347835919
    -10064923.347836433
    -10064923.347837854
    -10064923.347836394
c5_values:
    2102819011.3287656
    2094733247.8569674
    2091916052.737322
    2090831376.7092943
    2090831376.7092893
    2090831376.7092772
    2090831376.7092872
    2090831376.709293
    2090831376.7092907
    2090831376.7092798
    2090831376.7092705
    2090831376.7092705
    2090831376.7092798
    2090831376.7092907
    2090831376.709293
    2090831376.7092872
    2090831376.7092772
    2090831376.7092893
    2090831376.7092943
    2090831376.7092755
    2090831376.7092803
    2090831376.7092853
c6_values:
    -209068694.76681727
    -208892774.18942127
    -207071641.46845877
    -204864485.90074483
    -204864485.900746
    -204864485.90074664
    -204864485.90074566
    -204864485.90074506
    -204864485.90074608
    -204864485.90074608
    -204864485.90074342
    -204864485.90074342
    -204864485.90074608
    -204864485.90074608
    -204864485.90074506
    -204864485.90074566
    -204864485.90074664
    -204864485.900746
    -204864485.90074483
    -204864485.90074483
    -204864485.90074468
    -204864485.9007477
c7_values:
    -55613071.30978098
    -62950050.635860525
    -70278718.96386082
    -76177542.0680619
    -80859739.5270417
    -80859739.52704051
    -80859739.52704062
    -80859739.52703889
    -80859739.52704044
    -80859739.52703942
    -80859739.52704012
    -80859739.52704012
    -80859739.52703942
    -93756088.34824458
    -112953012.91232683
    -123617971.00348489
    -130404762.51603849
    -142700045.55486414
    -156175618.46207526
    -171518934.04613054
    -186584760.57909426
    -206260922.06940797
c8_values:
    -196454075.62911394
    -201128194.73811987
    -204398229.87052426
    -205538071.1358326
    -206189220.70814878
    -206189220.70814842
    -206189220.70815128
    -206189220.70815042
    -206189220.70815033
    -206189220.7081489
    -206189220.70815203
    -206189220.70815203
    -206189220.7081489
    -209181512.61779281
    -213635703.71167767
    -216110254.31939253
    -217684968.34248683
    -229520140.59805954
    -244019120.82767558
    -262944956.93167397
    -280598303.3433039
    -300440241.1588247
c9_values:
    528767123.2740888
    520077916.8472216
    512578227.2343527
    506868405.03540856
    502334171.19352716
    502334171.1935265
    502334171.1935229
    502334171.1935255
    502334171.1935246
    502334171.19352955
    502334171.1935255
    502334171.1935255
    502334171.19352955
    508423043.42621434
    517486664.65357274
    522522009.7798846
    525726320.31480867
    538551365.5107287
    553520167.8499523
    569455400.8453948
    584006599.4223626
    602500764.2274728
