3961.7242190638303
81.1654645203934
149.64442042275465
83.7448703264932
5532.975215420278
234.79250505169188
150.83572280035304
231.91389808324524
1518.8453597042976
5859.834847650122
122.65188840179407
-323.7122836340599
122.52667051182077
5310.953730798129
36.63960672367971
-325.3562689329286
35.2938755935601
1878.857665848352
5885.521678710903
-232.45414550948806
-210.0604979124657
-10.61631159143662
5311.20158440223
74.87036907529142
-194.18536690001508
73.90351562647491
1718.2083001261565
4653.582960499124
279.6424055361811
-17.842466097023884
282.64663084197525
6239.389517954241
152.03380271804946
-42.85713384535844
124.45825425379435
2074.607232893284
7265.035233197411
535.4406090254477
390.91469770472
536.2693606168716
7721.993225807563
632.2388757911128
343.05392652153984
579.6834993558732
3615.887552976642
6678.241916153271
434.21895709043105
-143.19874612308422
432.75108866525426
7008.324176817117
171.28029105551374
-170.29220177885702
115.8017453747945
3047.793355271618
5781.875578994816
138.15714833726784
-252.24557099550086
137.9996104977333
5685.0742681047595
-30.959781639204817
-263.585658915409
-35.924768220184575
1809.1117505487105
4821.164502497894
245.46625871055485
322.21640027979964
244.9170784129431
4222.759456426384
174.945857335999
314.11470825281947
156.57140943165493
1479.3570152668294
6799.788485978599
260.5687965850946
475.65875378672246
259.88260345518773
5762.634393391396
474.87855139158415
458.7641111907612
467.91131097023765
2494.50809093921
4326.674400001183
14.379863088811332
-45.79044396983395
13.639306191457694
4777.398921753612
205.55132055366383
-45.662290553590374
205.0564948917079
1490.9554279500935
