c1_values:
    3961.7242190638303
    5859.834847650122
    5885.521678710903
    4653.582960499124
    7265.035233197411
    6678.241916153271
    5781.875578994816
    4821.164502497894
    6799.788485978599
    4326.674400001183
  Average: 5603.344382274716
  Standard Deviation: 1066.0224944081026

c2_values:
    81.1654645203934
    122.65188840179407
    -232.45414550948806
    279.6424055361811
    535.4406090254477
    434.21895709043105
    138.15714833726784
    245.46625871055485
    260.5687965850946
    14.379863088811332
  Average: 187.9237245786488
  Standard Deviation: 205.76675363415035

c3_values:
    149.64442042275465
    -323.7122836340599
    -210.0604979124657
    -17.842466097023884
    390.91469770472
    -143.19874612308422
    -252.24557099550086
    322.21640027979964
    475.65875378672246
    -45.79044396983395
  Average: 34.55842634620283
  Standard Deviation: 269.96359874720963

c4_values:
    83.7448703264932
    122.52667051182077
    -10.61631159143662
    282.64663084197525
    536.2693606168716
    432.75108866525426
    137.9996104977333
    244.9170784129431
    259.88260345518773
    13.639306191457694
  Average: 210.37609079283
  Standard Deviation: 167.64796880469166

c5_values:
    5532.975215420278
    5310.953730798129
    5311.20158440223
    6239.389517954241
    7721.993225807563
    7008.324176817117
    5685.0742681047595
    4222.759456426384
    5762.634393391396
    4777.398921753612
  Average: 5757.270449087571
  Standard Deviation: 970.8917277240637

c6_values:
    234.79250505169188
    36.63960672367971
    74.87036907529142
    152.03380271804946
    632.2388757911128
    171.28029105551374
    -30.959781639204817
    174.945857335999
    474.87855139158415
    205.55132055366383
  Average: 212.62713980573812
  Standard Deviation: 190.12503883523019

c7_values:
    150.83572280035304
    -325.3562689329286
    -194.18536690001508
    -42.85713384535844
    343.05392652153984
    -170.29220177885702
    -263.585658915409
    314.11470825281947
    458.7641111907612
    -45.662290553590374
  Average: 22.482954783931508
  Standard Deviation: 262.76955866280275

c8_values:
    231.91389808324524
    35.2938755935601
    73.90351562647491
    124.45825425379435
    579.6834993558732
    115.8017453747945
    -35.924768220184575
    156.57140943165493
    467.91131097023765
    205.0564948917079
  Average: 195.46692353611581
  Standard Deviation: 181.6990584447989

c9_values:
    1518.8453597042976
    1878.857665848352
    1718.2083001261565
    2074.607232893284
    3615.887552976642
    3047.793355271618
    1809.1117505487105
    1479.3570152668294
    2494.50809093921
    1490.9554279500935
  Average: 2112.8131751525193
  Standard Deviation: 687.3154660215424

