1662254565.4443898
61061312.701787
-20751055.80819421
63057189.035641044
1640157791.9493136
-3891225.391839432
-13571941.570599062
6034124.937946594
440729114.93547106
1662254565.444391
61061312.701787554
-20751055.808194354
63057189.03564033
1640157791.9493217
-3891225.391838715
-17654743.416707754
2694365.666507417
435819047.8881143
1662254565.44439
61061312.7017874
-20751055.808195632
63057189.03564211
1640157791.9493163
-3891225.391839704
-19864464.234448448
694989.8740144148
432812848.31434035
1662254565.4443946
61061312.70178679
-20751055.80819375
63057189.03564067
1640157791.9493163
-3891225.391839808
-22014772.83876492
-1391858.6495964255
430151906.3933396
1662254565.4443944
61061312.70178918
-20751055.80819556
63057189.035639614
1640157791.9493084
-3891225.3918379936
-22922830.696070883
-2308584.371896854
429094617.9510763
1662254565.4443874
61061312.70178815
-20751055.808194816
63057189.035640396
1640157791.94931
-3891225.391840445
-22922830.69606713
-2308584.3718969002
429094617.9510746
1662254565.444387
61061312.70178783
-20751055.808193162
63057189.03563978
1640157791.9493105
-3891225.391838179
-22922830.69606981
-2308584.3718953836
429094617.9510746
1662254565.4443853
61061312.7017884
-20751055.808192722
63057189.03563968
1640157791.9493124
-3891225.3918391285
-22922830.696069457
-2308584.371897053
429094617.95107484
1662254565.4443884
61061312.70178735
-20751055.808194708
63057189.035640344
1640157791.94932
-3891225.3918399974
-22922830.696068116
-2308584.371895901
429094617.9510752
1662254565.444391
61061312.701786265
-20751055.808195606
63057189.03563953
1640157791.949314
-3891225.391839897
-22922830.696068034
-2308584.371894578
429094617.9510713
1662254565.444388
61061312.7017864
-20751055.808194052
63057189.03564159
1640157791.9493217
-3891225.3918404747
-22922830.696070224
-2308584.3718963475
429094617.9510781
1662254565.444388
61061312.7017864
-20751055.808194052
63057189.03564159
1640157791.9493217
-3891225.3918404747
-22922830.696070224
-2308584.3718963475
429094617.9510781
1662254565.444391
61061312.701786265
-20751055.808195606
63057189.03563953
1640157791.949314
-3891225.391839897
-22922830.696068034
-2308584.371894578
429094617.9510713
1662254565.4443884
61061312.70178735
-20751055.808194708
63057189.035640344
1640157791.94932
-3891225.3918399974
-22922830.696068116
-2308584.371895901
429094617.9510752
1662254565.4443853
61061312.7017884
-20751055.808192722
63057189.03563968
1640157791.9493124
-3891225.3918391285
-22922830.696069457
-2308584.371897053
429094617.95107484
1662254565.444387
61061312.70178783
-20751055.808193162
63057189.03563978
1640157791.9493105
-3891225.391838179
-22922830.69606981
-2308584.3718953836
429094617.9510746
1663882886.7406049
50970972.04790188
-21320849.175736424
63057189.035640396
1640157791.94931
-3891225.391840445
-22922830.69606713
-2308584.3718969002
429094617.9510746
1671322168.811812
4871415.103247394
-23924053.834009495
63057189.035639614
1640157791.9493084
-3891225.3918379936
-22922830.696070883
-2308584.371896854
429094617.9510763
1676777642.3306818
-28934926.65616528
-25833070.58340906
63057189.03564067
1640157791.9493163
-3891225.391839808
-23384453.225874797
-2879615.508877669
429734721.9221958
1680949475.021587
-54786835.06042225
-27292906.92118846
63057189.03564211
1640157791.9493163
-3891225.391839704
-25030503.129453726
-4969101.311120176
432005388.1011369
1684243027.1460054
-75196236.43220392
-28445409.29311568
63057189.03564033
1640157791.9493217
-3891225.391838715
-26368002.311710708
-6691596.203921413
433840778.88725644
1686909236.0086098
-91718132.7807895
-29378387.403724987
63057189.035641044
1640157791.9493136
-3891225.391839432
-28914692.483536143
-9356479.74219977
436875803.7953399
