c1_values:
    1662254565.4443898
    1662254565.444391
    1662254565.44439
    1662254565.4443946
    1662254565.4443944
    1662254565.4443874
    1662254565.444387
    1662254565.4443853
    1662254565.4443884
    1662254565.444391
    1662254565.444388
    1662254565.444388
    1662254565.444391
    1662254565.4443884
    1662254565.4443853
    1662254565.444387
    1663882886.7406049
    1671322168.811812
    1676777642.3306818
    1680949475.021587
    1684243027.1460054
    1686909236.0086098
c2_values:
    61061312.701787
    61061312.701787554
    61061312.7017874
    61061312.70178679
    61061312.70178918
    61061312.70178815
    61061312.70178783
    61061312.7017884
    61061312.70178735
    61061312.701786265
    61061312.7017864
    61061312.7017864
    61061312.701786265
    61061312.70178735
    61061312.7017884
    61061312.70178783
    50970972.04790188
    4871415.103247394
    -28934926.65616528
    -54786835.06042225
    -75196236.43220392
    -91718132.7807895
c3_values:
    -20751055.80819421
    -20751055.808194354
    -20751055.808195632
    -20751055.80819375
    -20751055.80819556
    -20751055.808194816
    -20751055.808193162
    -20751055.808192722
    -20751055.808194708
    -20751055.808195606
    -20751055.808194052
    -20751055.808194052
    -20751055.808195606
    -20751055.808194708
    -20751055.808192722
    -20751055.808193162
    -21320849.175736424
    -23924053.834009495
    -25833070.58340906
    -27292906.92118846
    -28445409.29311568
    -29378387.403724987
c4_values:
    63057189.035641044
    63057189.03564033
    63057189.03564211
    63057189.03564067
    63057189.035639614
    63057189.035640396
    63057189.03563978
    63057189.03563968
    63057189.035640344
    63057189.03563953
    63057189.03564159
    63057189.03564159
    63057189.03563953
    63057189.035640344
    63057189.03563968
    63057189.03563978
    63057189.035640396
    63057189.035639614
    63057189.03564067
    63057189.03564211
    63057189.03564033
    63057189.035641044
c5_values:
    1640157791.9493136
    1640157791.9493217
    1640157791.9493163
    1640157791.9493163
    1640157791.9493084
    1640157791.94931
    1640157791.9493105
    1640157791.9493124
    1640157791.94932
    1640157791.949314
    1640157791.9493217
    1640157791.9493217
    1640157791.949314
    1640157791.94932
    1640157791.9493124
    1640157791.9493105
    1640157791.94931
    1640157791.9493084
    1640157791.9493163
    1640157791.9493163
    1640157791.9493217
    1640157791.9493136
c6_values:
    -3891225.391839432
    -3891225.391838715
    -3891225.391839704
    -3891225.391839808
    -3891225.3918379936
    -3891225.391840445
    -3891225.391838179
    -3891225.3918391285
    -3891225.3918399974
    -3891225.391839897
    -3891225.3918404747
    -3891225.3918404747
    -3891225.391839897
    -3891225.3918399974
    -3891225.3918391285
    -3891225.391838179
    -3891225.391840445
    -3891225.3918379936
    -3891225.391839808
    -3891225.391839704
    -3891225.391838715
    -3891225.391839432
c7_values:
    -13571941.570599062
    -17654743.416707754
    -19864464.234448448
    -22014772.83876492
    -22922830.696070883
    -22922830.69606713
    -22922830.69606981
    -22922830.696069457
    -22922830.696068116
    -22922830.696068034
    -22922830.696070224
    -22922830.696070224
    -22922830.696068034
    -22922830.696068116
    -22922830.696069457
    -22922830.69606981
    -22922830.69606713
    -22922830.696070883
    -23384453.225874797
    -25030503.129453726
    -26368002.311710708
    -28914692.483536143
c8_values:
    6034124.937946594
    2694365.666507417
    694989.8740144148
    -1391858.6495964255
    -2308584.371896854
    -2308584.3718969002
    -2308584.3718953836
    -2308584.371897053
    -2308584.371895901
    -2308584.371894578
    -2308584.3718963475
    -2308584.3718963475
    -2308584.371894578
    -2308584.371895901
    -2308584.371897053
    -2308584.3718953836
    -2308584.3718969002
    -2308584.371896854
    -2879615.508877669
    -4969101.311120176
    -6691596.203921413
    -9356479.74219977
c9_values:
    440729114.93547106
    435819047.8881143
    432812848.31434035
    430151906.3933396
    429094617.9510763
    429094617.9510746
    429094617.9510746
    429094617.95107484
    429094617.9510752
    429094617.9510713
    429094617.9510781
    429094617.9510781
    429094617.9510713
    429094617.9510752
    429094617.95107484
    429094617.9510746
    429094617.9510746
    429094617.9510763
    429734721.9221958
    432005388.1011369
    433840778.88725644
    436875803.7953399
