3338.0180527141183
-263.8043078287266
44.685357237618824
107.1977200642024
3239.806880271548
151.88636552243224
95.60842382201074
35.37542847970112
1124.6535185696014
2975.38971926316
79.27651074416913
-106.87964013101825
78.9472975531056
2861.2205868238216
-100.02340902124693
-114.89168764895648
-104.32888083409554
599.7515457691225
2461.7253697994174
28.530175554714408
15.899761953312575
28.83185104436301
2112.901477828168
-52.79580410339777
19.010313696825136
-54.18199953459899
370.43267096227936
2441.7245797958667
13.289815705316897
-8.065090444743708
20.382910900777148
2543.4392873532242
-71.35424303397204
-9.667153076018414
-73.81408830171654
485.13108096401066
3837.217925417829
207.80580231433908
221.23167767778583
210.0493559001643
3734.22542610454
421.54242079011595
220.69408854762838
420.42892621605847
1050.409032936149
1651.1654967600653
11.747819730913028
28.47243794297595
10.167135325133275
2358.5053043222006
128.8701832413145
27.74287694771969
131.01183412173376
209.4960334946731
1774.9440727178758
6.5111155206910185
57.11339290911035
4.915721585525974
2006.0377739957596
42.754518218258745
64.27252808768685
37.70305050576331
240.54910750780954
2312.824354147081
20.106867917505358
-110.58661988032364
20.532608087494133
2278.106661520114
-102.79411436974894
-108.50181707318622
-106.3424810918003
351.6894250693814
2450.796791203599
152.31623757459636
66.64985204140045
150.05260479514388
2462.9730269928114
-0.8503215370871718
68.77714539285205
0.036199618616345096
680.3561650401032
