c1_values:
    3338.0180527141183
    2975.38971926316
    2461.7253697994174
    2441.7245797958667
    3837.217925417829
    1651.1654967600653
    1774.9440727178758
    2312.824354147081
    2450.796791203599
  Average: 2582.6451513132242
  Standard Deviation: 661.9409334378515

c2_values:
    -263.8043078287266
    79.27651074416913
    28.530175554714408
    13.289815705316897
    207.80580231433908
    11.747819730913028
    6.5111155206910185
    20.106867917505358
    152.31623757459636
  Average: 28.420004137057628
  Standard Deviation: 123.18323213934757

c3_values:
    44.685357237618824
    -106.87964013101825
    15.899761953312575
    -8.065090444743708
    221.23167767778583
    28.47243794297595
    57.11339290911035
    -110.58661988032364
    66.64985204140045
  Average: 23.169014367346488
  Standard Deviation: 93.44893766299755

c4_values:
    107.1977200642024
    78.9472975531056
    28.83185104436301
    20.382910900777148
    210.0493559001643
    10.167135325133275
    4.915721585525974
    20.532608087494133
    150.05260479514388
  Average: 70.11968947287886
  Standard Deviation: 68.23608289327458

c5_values:
    3239.806880271548
    2861.2205868238216
    2112.901477828168
    2543.4392873532242
    3734.22542610454
    2358.5053043222006
    2006.0377739957596
    2278.106661520114
    2462.9730269928114
  Average: 2621.9129361346872
  Standard Deviation: 530.5868215142959

c6_values:
    151.88636552243224
    -100.02340902124693
    -52.79580410339777
    -71.35424303397204
    421.54242079011595
    128.8701832413145
    42.754518218258745
    -102.79411436974894
    -0.8503215370871718
  Average: 46.3595106340743
  Standard Deviation: 159.27299267321482

c7_values:
    95.60842382201074
    -114.89168764895648
    19.010313696825136
    -9.667153076018414
    220.69408854762838
    27.74287694771969
    64.27252808768685
    -108.50181707318622
    68.77714539285205
  Average: 29.22719096628464
  Standard Deviation: 97.30667676677596

c8_values:
    35.37542847970112
    -104.32888083409554
    -54.18199953459899
    -73.81408830171654
    420.42892621605847
    131.01183412173376
    37.70305050576331
    -106.3424810918003
    0.036199618616345096
  Average: 31.765332131073517
  Standard Deviation: 155.66832453962374

c9_values:
    1124.6535185696014
    599.7515457691225
    370.43267096227936
    485.13108096401066
    1050.409032936149
    209.4960334946731
    240.54910750780954
    351.6894250693814
    680.3561650401032
  Average: 568.0520644792367
  Standard Deviation: 313.52001742672

