2148822769.025457
13389530.08227613
-46290610.93892695
12607681.627715144
1980670430.3894904
60534492.77917684
1869718.407007093
103108550.65860029
553887883.2018946
2124575158.1791193
13720584.443446193
-44884058.359604776
12407119.395734038
1972596988.3193738
61544319.12246268
-7733893.711963964
92543994.57064912
538202186.3681923
2114853702.6264768
14153576.25816801
-43740692.9620309
12417308.397162097
1971335318.4495301
61645602.332777895
-18401871.341566876
83450546.54754841
522193030.7971371
2110793594.4720106
14772608.86242318
-44409607.028967015
12417308.397160076
1971335318.4495304
61645602.33277544
-30169390.739081435
74069183.43689708
505407748.10663843
2110793594.472023
14772608.862424344
-44409607.02896597
12417308.397160647
1971335318.4495327
61645602.33277727
-41293543.03722386
64427779.52153947
489696427.7164693
2110793594.4720125
14772608.862423256
-44409607.02896616
12417308.397160726
1971335318.4495394
61645602.332775705
-42085493.23958552
62544784.32323753
487159711.32348496
2110793594.4720213
14772608.86242279
-44409607.02896506
12417308.397160487
1971335318.449545
61645602.332775556
-42085493.239588045
62544784.32323703
487159711.3234883
2110793594.472007
14772608.862422677
-44409607.028967395
12417308.397160769
1971335318.4495246
61645602.332775675
-42085493.23958693
62544784.32323711
487159711.3234871
2110793594.4720128
14772608.862424282
-44409607.02896525
12417308.397160852
1971335318.4495325
61645602.33277613
-42085493.239587106
62544784.32323811
487159711.3234878
2110793594.4720173
14772608.862422382
-44409607.02896685
12417308.397160696
1971335318.4495356
61645602.332774594
-42085493.23958824
62544784.32323683
487159711.3234886
2110793594.4720018
14772608.862421641
-44409607.02896618
12417308.39716189
1971335318.4495306
61645602.332775384
-42085493.23958653
62544784.32323798
487159711.32348764
2110793594.4720018
14772608.862421641
-44409607.02896618
12417308.39716189
1971335318.4495306
61645602.332775384
-42085493.23958653
62544784.32323798
487159711.32348764
2110793594.4720173
14772608.862422382
-44409607.02896685
12417308.397160696
1971335318.4495356
61645602.332774594
-42085493.23958824
62544784.32323683
487159711.3234886
2110793594.4720128
14772608.862424282
-44409607.02896525
12417308.397160852
1971335318.4495325
61645602.33277613
-42085493.239587106
62544784.32323811
487159711.3234878
2110793594.472007
14772608.862422677
-44409607.028967395
12417308.397160769
1971335318.4495246
61645602.332775675
-42085493.23958693
62544784.32323711
487159711.3234871
2110793594.4720213
14772608.86242279
-44409607.02896506
12417308.397160487
1971335318.449545
61645602.332775556
-42085493.239588045
62544784.32323703
487159711.3234883
2110793594.4720125
14772608.862423256
-44409607.02896616
12417308.397160726
1971335318.4495394
61645602.332775705
-42085493.23958552
62544784.32323753
487159711.32348496
2110793594.472023
14772608.862424344
-44409607.02896597
12417308.397160647
1971335318.4495327
61645602.33277727
-42497205.70721886
61968754.13146099
488594763.9227217
2110793594.4720106
14772608.86242318
-44409607.028967015
12417308.397160076
1971335318.4495304
61645602.33277544
-42989399.94721868
61316444.97889563
490421687.6118526
2110793594.4720159
14772608.862423
-44409607.02896592
12417308.397162097
1971335318.4495301
61645602.332777895
-43965602.91641022
59843373.54463517
493169513.5972009
2110793594.4720209
14772608.862422956
-44409607.028967924
12417308.39716184
1971335318.4495344
61645602.33277459
-50779889.459123656
54084554.35917906
501036461.82488954
2110793594.4720156
14772608.862422869
-44409607.02896612
12417308.397160627
1971335318.4495306
61645602.33277404
-57767982.8109338
47879454.875377044
509531296.70591545
