c1_values:
    2148822769.025457
    2124575158.1791193
    2114853702.6264768
    2110793594.4720106
    2110793594.472023
    2110793594.4720125
    2110793594.4720213
    2110793594.472007
    2110793594.4720128
    2110793594.4720173
    2110793594.4720018
    2110793594.4720018
    2110793594.4720173
    2110793594.4720128
    2110793594.472007
    2110793594.4720213
    2110793594.4720125
    2110793594.472023
    2110793594.4720106
    2110793594.4720159
    2110793594.4720209
    2110793594.4720156
c2_values:
    13389530.08227613
    13720584.443446193
    14153576.25816801
    14772608.86242318
    14772608.862424344
    14772608.862423256
    14772608.86242279
    14772608.862422677
    14772608.862424282
    14772608.862422382
    14772608.862421641
    14772608.862421641
    14772608.862422382
    14772608.862424282
    14772608.862422677
    14772608.86242279
    14772608.862423256
    14772608.862424344
    14772608.86242318
    14772608.862423
    14772608.862422956
    14772608.862422869
c3_values:
    -46290610.93892695
    -44884058.359604776
    -43740692.9620309
    -44409607.028967015
    -44409607.02896597
    -44409607.02896616
    -44409607.02896506
    -44409607.028967395
    -44409607.02896525
    -44409607.02896685
    -44409607.02896618
    -44409607.02896618
    -44409607.02896685
    -44409607.02896525
    -44409607.028967395
    -44409607.02896506
    -44409607.02896616
    -44409607.02896597
    -44409607.028967015
    -44409607.02896592
    -44409607.028967924
    -44409607.02896612
c4_values:
    12607681.627715144
    12407119.395734038
    12417308.397162097
    12417308.397160076
    12417308.397160647
    12417308.397160726
    12417308.397160487
    12417308.397160769
    12417308.397160852
    12417308.397160696
    12417308.39716189
    12417308.39716189
    12417308.397160696
    12417308.397160852
    12417308.397160769
    12417308.397160487
    12417308.397160726
    12417308.397160647
    12417308.397160076
    12417308.397162097
    12417308.39716184
    12417308.397160627
c5_values:
    1980670430.3894904
    1972596988.3193738
    1971335318.4495301
    1971335318.4495304
    1971335318.4495327
    1971335318.4495394
    1971335318.449545
    1971335318.4495246
    1971335318.4495325
    1971335318.4495356
    1971335318.4495306
    1971335318.4495306
    1971335318.4495356
    1971335318.4495325
    1971335318.4495246
    1971335318.449545
    1971335318.4495394
    1971335318.4495327
    1971335318.4495304
    1971335318.4495301
    1971335318.4495344
    1971335318.4495306
c6_values:
    60534492.77917684
    61544319.12246268
    61645602.332777895
    61645602.33277544
    61645602.33277727
    61645602.332775705
    61645602.332775556
    61645602.332775675
    61645602.33277613
    61645602.332774594
    61645602.332775384
    61645602.332775384
    61645602.332774594
    61645602.33277613
    61645602.332775675
    61645602.332775556
    61645602.332775705
    61645602.33277727
    61645602.33277544
    61645602.332777895
    61645602.33277459
    61645602.33277404
c7_values:
    1869718.407007093
    -7733893.711963964
    -18401871.341566876
    -30169390.739081435
    -41293543.03722386
    -42085493.23958552
    -42085493.239588045
    -42085493.23958693
    -42085493.239587106
    -42085493.23958824
    -42085493.23958653
    -42085493.23958653
    -42085493.23958824
    -42085493.239587106
    -42085493.23958693
    -42085493.239588045
    -42085493.23958552
    -42497205.70721886
    -42989399.94721868
    -43965602.91641022
    -50779889.459123656
    -57767982.8109338
c8_values:
    103108550.65860029
    92543994.57064912
    83450546.54754841
    74069183.43689708
    64427779.52153947
    62544784.32323753
    62544784.32323703
    62544784.32323711
    62544784.32323811
    62544784.32323683
    62544784.32323798
    62544784.32323798
    62544784.32323683
    62544784.32323811
    62544784.32323711
    62544784.32323703
    62544784.32323753
    61968754.13146099
    61316444.97889563
    59843373.54463517
    54084554.35917906
    47879454.875377044
c9_values:
    553887883.2018946
    538202186.3681923
    522193030.7971371
    505407748.10663843
    489696427.7164693
    487159711.32348496
    487159711.3234883
    487159711.3234871
    487159711.3234878
    487159711.3234886
    487159711.32348764
    487159711.32348764
    487159711.3234886
    487159711.3234878
    487159711.3234871
    487159711.3234883
    487159711.32348496
    488594763.9227217
    490421687.6118526
    493169513.5972009
    501036461.82488954
    509531296.70591545
