c1_values:
    3571627527.760665
    3508718332.855004
    3446402337.409087
    3391419611.4470572
    3257814705.511921
    3327821947.4592237
    3205877199.349986
    3205877199.349973
    3205877199.349981
    3205877199.3499737
    3205877199.3499827
    3205877199.3499827
    3205877199.3499737
    3205877199.349981
    3205877199.349973
    3205877199.349986
    3205877199.3499594
    3205877199.3499703
    3205877199.349973
    3205877199.3499703
    3205877199.3499722
    3205877199.349972
c2_values:
    210487961.27479634
    200107949.0083555
    199151764.45997444
    194775730.67969778
    183898247.54039094
    188972723.48006466
    182723454.08514485
    182723454.08514413
    182723454.08514404
    182723454.08514464
    182723454.0851437
    182723454.0851437
    182723454.08514464
    182723454.08514404
    182723454.08514413
    182723454.08514485
    182723454.08514336
    182723454.08514488
    182723454.08514395
    182723454.08514562
    182723454.085146
    182723454.0851449
c3_values:
    13140140.881041516
    2777625.7247682423
    -6127965.736067929
    -16712044.623928213
    -41400526.41467979
    -28444158.566721175
    -49762563.48187381
    -49762563.481876045
    -49762563.48187479
    -49762563.48187656
    -49762563.48187722
    -49762563.48187722
    -49762563.48187656
    -49762563.48187479
    -49762563.481876045
    -49762563.48187381
    -49762563.48187448
    -49762563.48187547
    -49762563.48187669
    -49762563.48187726
    -49762563.48187504
    -49762563.481875114
c4_values:
    255553240.68803647
    238786007.0784679
    228375736.13061678
    218300721.8859569
    192553212.86487412
    206224261.78855932
    181230622.83799565
    181230622.837998
    181230622.83799815
    181230622.83799604
    181230622.8379963
    181230622.8379963
    181230622.83799604
    181230622.83799815
    181230622.837998
    181230622.83799565
    177081180.33458832
    170435813.66899568
    188210017.12711993
    214572036.3320962
    235384156.7570752
    252232063.767772
c5_values:
    2434576923.849007
    2370794613.362749
    2318256824.7165194
    2273393764.060013
    2208437756.484957
    2244921415.9607387
    2177755275.40283
    2177755275.4028234
    2177755275.4028225
    2177755275.4028244
    2177755275.40281
    2177755275.40281
    2177755275.4028244
    2177755275.4028225
    2177755275.4028234
    2177755275.40283
    2178291461.1352143
    2179150167.0432343
    2176382227.0162625
    2172349767.1031036
    2169166246.119025
    2166589110.08429
c6_values:
    -33585833.07783649
    -19269844.191429127
    -869111.3411658249
    11362222.121864993
    15034326.381409772
    12937817.629982157
    16804988.52105679
    16804988.521057494
    16804988.52105489
    16804988.521054626
    16804988.521055944
    16804988.521055944
    16804988.521054626
    16804988.52105489
    16804988.521057494
    16804988.52105679
    16873216.37140696
    16982483.840957876
    14375001.565020522
    10865610.436099237
    8095038.492214373
    5852194.537641869
c7_values:
    138215.88983108904
    -15437998.47173223
    -27207347.371300578
    -37511202.088310644
    -49437760.2236179
    -46049772.65832046
    -49703200.23167034
    -49703200.23166834
    -49703200.23166912
    -49703200.23167038
    -49703200.2316695
    -49703200.2316695
    -49703200.23167038
    -49703200.23166912
    -49703200.23166834
    -49703200.23167034
    -56411671.3212328
    -68471470.25721546
    -81669304.51734795
    -92459150.92841327
    -101064763.04829763
    -108532236.86219625
c8_values:
    78563627.55923961
    64082618.04928885
    49286171.17696598
    35607582.515420586
    18783439.7976801
    23813331.820144366
    18383822.757532023
    18383822.75753099
    18383822.757532977
    18383822.757533565
    18383822.757532008
    18383822.757532008
    18383822.757533565
    18383822.757532977
    18383822.75753099
    18383822.757532023
    -9414764.587176928
    -41373750.37216128
    -69204372.61875525
    -91153168.94542712
    -108801689.29247378
    -123386078.76185797
c9_values:
    959663945.4384465
    941136804.4108484
    922755293.082216
    905279121.893776
    884042001.3312515
    891108000.3853645
    883477862.68232
    883477862.6823198
    883477862.6823224
    883477862.682326
    883477862.6823274
    883477862.6823274
    883477862.682326
    883477862.6823224
    883477862.6823198
    883477862.68232
    907249598.491628
    936973200.064666
    964223604.1761687
    986462036.3067372
    1005836494.9833915
    1023426522.2155508
