4957.745649822072
127.22588813232697
69.35605110426776
128.7208849759443
4805.412769279094
168.83127727985297
2.779638464190255
13.92932742418083
1726.6892933906213
4128.542422181193
117.31334462536564
68.2929507526264
115.9212160040641
3905.2063884082813
-9.261917723966093
-89.28436463071267
-95.00157922279104
1476.357105849312
6947.381467053872
211.7533649425955
-144.0539013145191
215.49781241545807
8504.419505028809
-349.4563137083371
-458.4969581644035
-807.8265399179734
3655.685897460215
4807.531558333933
36.82480636093786
-204.2167569755169
37.41927293316399
4322.830971969942
-112.13695685041968
-389.0219297089496
-282.02129406221115
1991.805903006015
6471.900674097382
161.5005180737785
238.27963123784886
176.13304922011835
8036.046220894154
492.05154806515793
141.92982730281295
273.73659163239194
2789.568377903723
4030.9954836755023
130.6504940247898
-66.61440357039427
129.05187012487596
4255.995771289346
-75.63389970089091
-114.94451819705473
-143.33842331998224
1497.6793712647377
4947.5084090054015
24.085372343628173
-296.5213910237854
372.96639818933255
4041.504638752057
-285.7992696447505
-413.99459235541417
-337.04101898566574
1787.3353205690391
5783.147534513573
221.55307067876225
-484.7626780216002
221.80501747796916
5785.3897974634
-498.38066921156246
-682.58436560489
-788.7988822159613
2588.9999768412013
5383.237939902444
238.48945322418336
2.299245839536993
236.58338106914164
5397.336985553144
200.36212048071206
-98.96586392184938
10.184783362032054
2179.3870734403727
4264.462871230464
109.13643385031443
7.018212348577989
111.46258964539047
5195.661473093632
-56.06575850873179
-114.49734180344753
-270.0788507904022
2006.4653620703477