c1_values:
    4957.745649822072
    4128.542422181193
    6947.381467053872
    4807.531558333933
    6471.900674097382
    4030.9954836755023
    4947.5084090054015
    5783.147534513573
    5383.237939902444
    4264.462871230464
  Average: 5172.245400981583
  Standard Deviation: 932.9148192145201

c2_values:
    127.22588813232697
    117.31334462536564
    211.7533649425955
    36.82480636093786
    161.5005180737785
    130.6504940247898
    24.085372343628173
    221.55307067876225
    238.48945322418336
    109.13643385031443
  Average: 137.85327462566823
  Standard Deviation: 69.07602031382311

c3_values:
    69.35605110426776
    68.2929507526264
    -144.0539013145191
    -204.2167569755169
    238.27963123784886
    -66.61440357039427
    -296.5213910237854
    -484.7626780216002
    2.299245839536993
    7.018212348577989
  Average: -81.09230396229579
  Standard Deviation: 197.57519435417862

c4_values:
    128.7208849759443
    115.9212160040641
    215.49781241545807
    37.41927293316399
    176.13304922011835
    129.05187012487596
    372.96639818933255
    221.80501747796916
    236.58338106914164
    111.46258964539047
  Average: 174.55614920554586
  Standard Deviation: 88.0466085050706

c5_values:
    4805.412769279094
    3905.2063884082813
    8504.419505028809
    4322.830971969942
    8036.046220894154
    4255.995771289346
    4041.504638752057
    5785.3897974634
    5397.336985553144
    5195.661473093632
  Average: 5424.980452173187
  Standard Deviation: 1538.5934123795676

c6_values:
    168.83127727985297
    -9.261917723966093
    -349.4563137083371
    -112.13695685041968
    492.05154806515793
    -75.63389970089091
    -285.7992696447505
    -498.38066921156246
    200.36212048071206
    -56.06575850873179
  Average: -52.54898395229357
  Standard Deviation: 275.1105802685872

c7_values:
    2.779638464190255
    -89.28436463071267
    -458.4969581644035
    -389.0219297089496
    141.92982730281295
    -114.94451819705473
    -413.99459235541417
    -682.58436560489
    -98.96586392184938
    -114.49734180344753
  Average: -221.7080468619718
  Standard Deviation: 239.0743621712401

c8_values:
    13.92932742418083
    -95.00157922279104
    -807.8265399179734
    -282.02129406221115
    273.73659163239194
    -143.33842331998224
    -337.04101898566574
    -788.7988822159613
    10.184783362032054
    -270.0788507904022
  Average: -242.62558860963819
  Standard Deviation: 325.1140658837708

c9_values:
    1726.6892933906213
    1476.357105849312
    3655.685897460215
    1991.805903006015
    2789.568377903723
    1497.6793712647377
    1787.3353205690391
    2588.9999768412013
    2179.3870734403727
    2006.4653620703477
  Average: 2169.997368179558
  Standard Deviation: 640.4206043215166

