4144.74989016423
130.48879346412642
-131.61219554995517
127.83957931948245
4708.317981408852
-113.65705247366216
-295.0159008862329
-235.45957913853346
1549.8520176378652
5810.147094699664
350.30422279448715
-376.983053095739
349.0894790753543
4674.402744622239
-334.9497882239287
-669.8804956352905
-736.8566761085945
2416.570998729975
4371.142357808895
237.346608116044
299.57471424909363
240.41261951141144
5073.308706693593
255.21134773158136
146.63604734915577
98.94126762474541
1881.1219908107244
6819.64166934123
-176.3490004579516
-493.2089780945718
171.47113774339923
4773.457092193553
-229.3344984164408
-713.7998912097424
-475.5652292648756
2097.645636475293
4345.792944655673
141.63512646926873
195.6779087400861
145.0835295746427
4925.591089965047
253.80261512621843
128.71399589306665
215.48604377691936
1484.9529248530985
6003.546032807064
392.0430017852258
-742.0503699924658
396.4654531102682
5097.918621590772
-356.4502246450988
-996.4756173673849
-589.9126280926077
2461.1820712621443
6227.20992610193
215.08070356192394
97.81781472672077
216.1244041252684
5883.009086012896
144.75706028119063
-140.1416503637545
-81.27536645682662
2357.932496632226
4774.496175556933
397.82181613659674
453.5627745261327
399.65727478846503
4395.361883313439
391.88837407998386
365.2814338080976
334.00244221181055
1881.70143317679
6677.56233438407
262.2762160192805
861.7880703337977
262.93542587678616
5375.641441266997
702.917715566587
705.5650296379137
535.6890590121625
2622.8707713910953
5158.475804739998
293.37687758889945
157.79345075570075
291.3919337684158
4700.243301885571
222.2145348336432
-58.56625331213355
1.3839945036238743
2005.4429984465455
6587.230798395002
318.4214783714893
195.3088075822238
320.6054498647298
5095.529325221281
347.9869149330879
32.18616423439652
186.13709147681948
2542.581181382185
4627.104391204544
117.51709521899784
167.43364999853193
119.523701642259
5313.8060582994685
235.97097533924006
60.067250733500984
157.91553914096139
1924.8835247618003
5117.454205285185
34.55645149368799
8.132648098191986
35.18813421832543
6217.675474603878
233.67119297785163
-215.51569650350584
-77.56254006011127
2159.6883788211867
4015.9814952028864
82.58967230860547
197.36488235374566
82.82324233732983
3881.233126669805
239.3195220612776
150.45118128525584
183.80255853969305
1330.0972855084312
5505.943413485885
235.6974540688801
-189.98573146967644
238.79283150555798
7614.096766557498
168.69066187480456
-388.473153944118
59.2976934746779
2920.118430615288
5503.378019000992
157.26427848594173
67.41114971557067
158.51721611845983
5431.291129348962
143.06335428442736
-253.72111927902637
-3.2706526878033135
2275.42524389765
4496.288496817654
-29.297124288551323
368.11789096521824
-22.952280064343572
8286.343770748032
816.8683427849207
273.95545080457094
694.1240830515449
2145.576378259822
3914.0776585383196
213.237906609786
-60.359464246243995
214.814423108457
3848.0421998865636
80.2605385108754
-185.1337570697189
-52.95403939803835
1473.018365659975
5358.979080941204
19.367820234015866
48.11236585971766
21.637847141439902
5845.317798787219
340.15089493267806
-96.4229102941515
180.60037038948497
2209.5516878624426