c1_values:
    4144.74989016423
    5810.147094699664
    4371.142357808895
    6819.64166934123
    4345.792944655673
    6003.546032807064
    6227.20992610193
    4774.496175556933
    6677.56233438407
    5158.475804739998
    6587.230798395002
    4627.104391204544
    5117.454205285185
    4015.9814952028864
    5505.943413485885
    5503.378019000992
    4496.288496817654
    3914.0776585383196
    5358.979080941204
  Average: 5234.694831006914
  Standard Deviation: 905.8506400109753

c2_values:
    130.48879346412642
    350.30422279448715
    237.346608116044
    -176.3490004579516
    141.63512646926873
    392.0430017852258
    215.08070356192394
    397.82181613659674
    262.2762160192805
    293.37687758889945
    318.4214783714893
    117.51709521899784
    34.55645149368799
    82.58967230860547
    235.6974540688801
    157.26427848594173
    -29.297124288551323
    213.237906609786
    19.367820234015866
  Average: 178.59891568319756
  Standard Deviation: 145.90276167122602

c3_values:
    -131.61219554995517
    -376.983053095739
    299.57471424909363
    -493.2089780945718
    195.6779087400861
    -742.0503699924658
    97.81781472672077
    453.5627745261327
    861.7880703337977
    157.79345075570075
    195.3088075822238
    167.43364999853193
    8.132648098191986
    197.36488235374566
    -189.98573146967644
    67.41114971557067
    368.11789096521824
    -60.359464246243995
    48.11236585971766
  Average: 59.152438708214696
  Standard Deviation: 346.79409427858894

c4_values:
    127.83957931948245
    349.0894790753543
    240.41261951141144
    171.47113774339923
    145.0835295746427
    396.4654531102682
    216.1244041252684
    399.65727478846503
    262.93542587678616
    291.3919337684158
    320.6054498647298
    119.523701642259
    35.18813421832543
    82.82324233732983
    238.79283150555798
    158.51721611845983
    -22.952280064343572
    214.814423108457
    21.637847141439902
  Average: 198.39060014556364
  Standard Deviation: 119.37665593271471

c5_values:
    4708.317981408852
    4674.402744622239
    5073.308706693593
    4773.457092193553
    4925.591089965047
    5097.918621590772
    5883.009086012896
    4395.361883313439
    5375.641441266997
    4700.243301885571
    5095.529325221281
    5313.8060582994685
    6217.675474603878
    3881.233126669805
    7614.096766557498
    5431.291129348962
    8286.343770748032
    3848.0421998865636
    5845.317798787219
  Average: 5323.188821003982
  Standard Deviation: 1084.7679213880028

c6_values:
    -113.65705247366216
    -334.9497882239287
    255.21134773158136
    -229.3344984164408
    253.80261512621843
    -356.4502246450988
    144.75706028119063
    391.88837407998386
    702.917715566587
    222.2145348336432
    347.9869149330879
    235.97097533924006
    233.67119297785163
    239.3195220612776
    168.69066187480456
    143.06335428442736
    816.8683427849207
    80.2605385108754
    340.15089493267806
  Average: 186.44118323995988
  Standard Deviation: 291.8959700685841

c7_values:
    -295.0159008862329
    -669.8804956352905
    146.63604734915577
    -713.7998912097424
    128.71399589306665
    -996.4756173673849
    -140.1416503637545
    365.2814338080976
    705.5650296379137
    -58.56625331213355
    32.18616423439652
    60.067250733500984
    -215.51569650350584
    150.45118128525584
    -388.473153944118
    -253.72111927902637
    273.95545080457094
    -185.1337570697189
    -96.4229102941515
  Average: -113.17315221679483
  Standard Deviation: 390.3386271739751

c8_values:
    -235.45957913853346
    -736.8566761085945
    98.94126762474541
    -475.5652292648756
    215.48604377691936
    -589.9126280926077
    -81.27536645682662
    334.00244221181055
    535.6890590121625
    1.3839945036238743
    186.13709147681948
    157.91553914096139
    -77.56254006011127
    183.80255853969305
    59.2976934746779
    -3.2706526878033135
    694.1240830515449
    -52.95403939803835
    180.60037038948497
  Average: 20.76439115763436
  Standard Deviation: 343.8066457872394

c9_values:
    1549.8520176378652
    2416.570998729975
    1881.1219908107244
    2097.645636475293
    1484.9529248530985
    2461.1820712621443
    2357.932496632226
    1881.70143317679
    2622.8707713910953
    2005.4429984465455
    2542.581181382185
    1924.8835247618003
    2159.6883788211867
    1330.0972855084312
    2920.118430615288
    2275.42524389765
    2145.576378259822
    1473.018365659975
    2209.5516878624426
  Average: 2091.590200851818
  Standard Deviation: 416.0030892837482

