5187.577249866996
227.59507817483507
-139.16796991131824
226.7083973158151
5666.429625697846
-23.905615470933544
-264.4463630711257
-164.02003149852644
2154.3271795773644
4569.963465381924
277.7191701158469
98.94937155846179
279.3966113040338
4998.9423883091185
32.50043909589859
-23.68516464312768
-223.79717848067546
1940.4183726090257
5521.813385834302
322.3516190792164
-46.44598304721538
321.35506613877783
4499.835528294174
27.706713217598224
-329.88858589621617
-93.12520841040087
2264.2508174239483
4527.96154941188
67.64689388821122
-55.63332585278169
67.43658214653702
3912.6570735698383
-53.26817314085831
-197.1209909368652
-277.68430023487923
1330.044557009831
4232.907959577852
207.16835487229503
-415.06939514364876
207.99628249633082
4552.805072513494
-150.24575198286283
-566.8622897990792
-279.788242347538
1487.2053801924117
4422.598831894331
391.59354910646545
-382.22991009228207
396.82748238174383
6673.706252210054
-502.6702773644194
-746.9634697184977
-809.2358547693366
2377.8957042647353
4045.4763798230583
87.9247694242976
-68.32054581870864
95.62021107522276
4384.63475002902
73.3536896675947
-283.1810734147306
-130.67739298384515
1428.9334299168852
6743.050241262696
358.9697876023836
7.342564041632687
360.341871722978
5329.81581014933
8.641646567000173
-351.2498333956952
-266.92601625757186
2889.7258822509207
5265.782805951927
218.8530190782981
-468.9561022352062
217.2845623227108
5700.224701751715
12.489729577502784
-751.3706933590993
-263.1224955330612
2315.2993500227503
5200.483693322326
21.705700687048214
188.11325091141538
26.32826121047859
6569.800260576347
66.47636997515433
-89.26073199445285
-274.8481375380174
2567.9326286324595