c1_values:
    5187.577249866996
    4569.963465381924
    5521.813385834302
    4527.96154941188
    4232.907959577852
    4422.598831894331
    4045.4763798230583
    6743.050241262696
    5265.782805951927
    5200.483693322326
  Average: 4971.761556232729
  Standard Deviation: 754.2710428524873

c2_values:
    227.59507817483507
    277.7191701158469
    322.3516190792164
    67.64689388821122
    207.16835487229503
    391.59354910646545
    87.9247694242976
    358.9697876023836
    218.8530190782981
    21.705700687048214
  Average: 218.15279420288977
  Standard Deviation: 119.46957742604779

c3_values:
    -139.16796991131824
    98.94937155846179
    -46.44598304721538
    -55.63332585278169
    -415.06939514364876
    -382.22991009228207
    -68.32054581870864
    7.342564041632687
    -468.9561022352062
    188.11325091141538
  Average: -128.1418045589651
  Standard Deviation: 211.8060706602326

c4_values:
    226.7083973158151
    279.3966113040338
    321.35506613877783
    67.43658214653702
    207.99628249633082
    396.82748238174383
    95.62021107522276
    360.341871722978
    217.2845623227108
    26.32826121047859
  Average: 219.92953281146282
  Standard Deviation: 118.83420925407789

c5_values:
    5666.429625697846
    4998.9423883091185
    4499.835528294174
    3912.6570735698383
    4552.805072513494
    6673.706252210054
    4384.63475002902
    5329.81581014933
    5700.224701751715
    6569.800260576347
  Average: 5228.885146310094
  Standard Deviation: 882.9519167742171

c6_values:
    -23.905615470933544
    32.50043909589859
    27.706713217598224
    -53.26817314085831
    -150.24575198286283
    -502.6702773644194
    73.3536896675947
    8.641646567000173
    12.489729577502784
    66.47636997515433
  Average: -50.89212298583253
  Standard Deviation: 162.66977964184244

c7_values:
    -264.4463630711257
    -23.68516464312768
    -329.88858589621617
    -197.1209909368652
    -566.8622897990792
    -746.9634697184977
    -283.1810734147306
    -351.2498333956952
    -751.3706933590993
    -89.26073199445285
  Average: -360.40291962288893
  Standard Deviation: 239.71942537419096

c8_values:
    -164.02003149852644
    -223.79717848067546
    -93.12520841040087
    -277.68430023487923
    -279.788242347538
    -809.2358547693366
    -130.67739298384515
    -266.92601625757186
    -263.1224955330612
    -274.8481375380174
  Average: -278.32248580538527
  Standard Deviation: 188.24975871810662

c9_values:
    2154.3271795773644
    1940.4183726090257
    2264.2508174239483
    1330.044557009831
    1487.2053801924117
    2377.8957042647353
    1428.9334299168852
    2889.7258822509207
    2315.2993500227503
    2567.9326286324595
  Average: 2075.603330190034
  Standard Deviation: 493.3893809792802

