3571627527.760665
210487961.27479634
13140140.881041516
255553240.68803647
2434576923.849007
-33585833.07783649
138215.88983108904
78563627.55923961
959663945.4384465
3508718332.855004
200107949.0083555
2777625.7247682423
238786007.0784679
2370794613.362749
-19269844.191429127
-15437998.47173223
64082618.04928885
941136804.4108484
3446402337.409087
199151764.45997444
-6127965.736067929
228375736.13061678
2318256824.7165194
-869111.3411658249
-27207347.371300578
49286171.17696598
922755293.082216
3391419611.4470572
194775730.67969778
-16712044.623928213
218300721.8859569
2273393764.060013
11362222.121864993
-37511202.088310644
35607582.515420586
905279121.893776
3257814705.511921
183898247.54039094
-41400526.41467979
192553212.86487412
2208437756.484957
15034326.381409772
-49437760.2236179
18783439.7976801
884042001.3312515
3327821947.4592237
188972723.48006466
-28444158.566721175
206224261.78855932
2244921415.9607387
12937817.629982157
-46049772.65832046
23813331.820144366
891108000.3853645
3205877199.349986
182723454.08514485
-49762563.48187381
181230622.83799565
2177755275.40283
16804988.52105679
-49703200.23167034
18383822.757532023
883477862.68232
3205877199.349973
182723454.08514413
-49762563.481876045
181230622.837998
2177755275.4028234
16804988.521057494
-49703200.23166834
18383822.75753099
883477862.6823198
3205877199.349981
182723454.08514404
-49762563.48187479
181230622.83799815
2177755275.4028225
16804988.52105489
-49703200.23166912
18383822.757532977
883477862.6823224
3205877199.3499737
182723454.08514464
-49762563.48187656
181230622.83799604
2177755275.4028244
16804988.521054626
-49703200.23167038
18383822.757533565
883477862.682326
3205877199.3499827
182723454.0851437
-49762563.48187722
181230622.8379963
2177755275.40281
16804988.521055944
-49703200.2316695
18383822.757532008
883477862.6823274
3205877199.3499827
182723454.0851437
-49762563.48187722
181230622.8379963
2177755275.40281
16804988.521055944
-49703200.2316695
18383822.757532008
883477862.6823274
3205877199.3499737
182723454.08514464
-49762563.48187656
181230622.83799604
2177755275.4028244
16804988.521054626
-49703200.23167038
18383822.757533565
883477862.682326
3205877199.349981
182723454.08514404
-49762563.48187479
181230622.83799815
2177755275.4028225
16804988.52105489
-49703200.23166912
18383822.757532977
883477862.6823224
3205877199.349973
182723454.08514413
-49762563.481876045
181230622.837998
2177755275.4028234
16804988.521057494
-49703200.23166834
18383822.75753099
883477862.6823198
3205877199.349986
182723454.08514485
-49762563.48187381
181230622.83799565
2177755275.40283
16804988.52105679
-49703200.23167034
18383822.757532023
883477862.68232
3205877199.3499594
182723454.08514336
-49762563.48187448
177081180.33458832
2178291461.1352143
16873216.37140696
-56411671.3212328
-9414764.587176928
907249598.491628
3205877199.3499703
182723454.08514488
-49762563.48187547
170435813.66899568
2179150167.0432343
16982483.840957876
-68471470.25721546
-41373750.37216128
936973200.064666
3205877199.349973
182723454.08514395
-49762563.48187669
188210017.12711993
2176382227.0162625
14375001.565020522
-81669304.51734795
-69204372.61875525
964223604.1761687
3205877199.3499703
182723454.08514562
-49762563.48187726
214572036.3320962
2172349767.1031036
10865610.436099237
-92459150.92841327
-91153168.94542712
986462036.3067372
3205877199.3499722
182723454.085146
-49762563.48187504
235384156.7570752
2169166246.119025
8095038.492214373
-101064763.04829763
-108801689.29247378
1005836494.9833915
3205877199.349972
182723454.0851449
-49762563.481875114
252232063.767772
2166589110.08429
5852194.537641869
-108532236.86219625
-123386078.76185797
1023426522.2155508
