7776.407706733385
446.425957694402
297.3329912514614
186.22112850194202
7856.661754601088
300.6470300506897
303.22606638192576
275.35317106789074
3478.780598030229
4590.0834193008695
190.43870526177648
-18.885992141553977
192.54704702248287
4838.944222427411
16.53701337886923
-32.15044065232951
4.29798889307411
1772.822200162232
4261.975422983471
96.27217541431494
211.14842410281
110.84022918439062
4111.756388969011
73.22044635319106
222.65710028550808
13.7496263670118
1296.5627000024933
3481.3273553043296
200.32259045625824
40.38289027806445
200.36840618960375
3179.7067008129748
-103.36583074598964
8.835897415818335
-163.71143621271966
1163.578161910031
2765.2755230477105
111.30313276679394
-153.61991417535606
157.57644625440426
2873.1966413972655
-167.05800582591996
-172.36280340700162
-94.59286681379876
863.4583726002891
3285.0919995725185
231.02634787532227
100.7373554410213
231.34392324095433
4163.9882589894505
165.57898220752682
76.63830484954964
127.44479384942352
1190.0096291778711
2813.0569859513193
89.757521160287
66.07799575660042
-245.08824692105983
3233.079361967755
-19.593236824269958
33.76801216700863
-91.83571641456489
843.5330552166496
2515.0187304449564
89.2081856831835
98.6329374654879
90.70195619297908
3006.253593783175
111.53432833667769
68.14164419688815
86.49686585775733
720.2833748384076
2630.972822644348
89.5675378523287
63.57094874912188
88.7566957929787
2291.2778442029353
62.24130458089727
57.798350111971956
57.16839350807654
588.1435416021316
2444.4797006713075
35.99524871573391
-27.77721411290871
35.29283350094471
2220.363160697228
1.3449718958025576
-97.00583818945375
-51.699179257666586
455.7348397233118