c1_values:
    5582799435.574569
    4016323001.042697
    3415352499.9337206
    3090997019.4436593
    2885925879.1770267
    2743681992.8301783
    2638796756.6093383
    2558024822.4610305
    2493768709.196268
    2441345558.444391
  Average: 3186701567.4712877
  Standard Deviation: 922435653.14527

c2_values:
    156877201.31290546
    112269510.5459198
    93177945.94322675
    81978591.22206528
    74488978.14032407
    69092126.23766285
    65006290.40766351
    61800779.196529135
    59216719.09520579
    57088402.280639686
  Average: 83099654.43821421
  Standard Deviation: 29487594.020347863

c3_values:
    61431998.73192959
    85124652.26001602
    94400485.64699708
    99398701.35380027
    102563378.08507532
    104771296.930645
    106413968.08743113
    107692852.10423128
    108722520.4703293
    109573165.58483581
  Average: 98009301.9255291
  Standard Deviation: 14135901.207264071

c4_values:
    158210465.47478634
    113018303.8283288
    93705176.78752898
    82394405.21974005
    74838297.55056402
    69397011.753018
    65279047.45856435
    61854899.315766305
    59059972.71939973
    56774797.90114509
  Average: 83453237.80088417
  Standard Deviation: 29907046.395585496

c5_values:
    5829948239.186031
    4130874972.3346457
    3461178481.9079914
    3093465349.605314
    2858050316.2570786
    2693150382.0058293
    2570580053.4813395
    2476673277.1257076
    2401867683.26651
    2340530131.253616
  Average: 3185631888.6424065
  Standard Deviation: 1026136255.5086439

c6_values:
    65682379.95328381
    51758628.954369634
    45861195.55394563
    43082713.60424489
    41688413.70188978
    40987393.49879746
    40663725.75822414
    40700266.55172965
    40867964.980322614
    41078701.10738249
  Average: 45237138.36641901
  Standard Deviation: 7576965.75094883

c7_values:
    61769483.12480634
    85360198.63251962
    93593375.7448116
    97105913.32316351
    98864654.74842605
    100196729.1370872
    101336748.09742947
    102335935.1867214
    103225296.69749968
    104000180.97363415
  Average: 94778851.5666099
  Standard Deviation: 12197081.837488677

c8_values:
    62446125.282962896
    49802403.492631
    43691105.315074936
    39797840.3321213
    37155269.83893059
    35568799.92010699
    34643025.590091564
    34110985.52363313
    33825098.80496188
    33671659.14861533
  Average: 40471231.324912965
  Standard Deviation: 8835401.43220279

c9_values:
    2286182005.4303255
    1448648566.9195704
    1121898729.2002919
    944704229.9935131
    832522144.3459916
    754222346.661145
    696125975.3755944
    651141986.9867969
    615181099.0347389
    585742824.6345631
  Average: 993636990.8582531
  Standard Deviation: 499525089.2779731

