2354465672.4657097
105740501.36530457
18247660.305660438
101795217.65406896
2471800046.810212
29824250.83356317
30041091.732397195
57214258.01784586
716861889.5841577
1984837287.0300474
72488992.22872148
-18465232.999332193
71454520.49067998
2044259773.5499516
-3535934.0675773947
-15996358.868700447
-538615.4761949076
512068013.39598876
1852215801.2544959
60594575.65075194
-32208001.899628762
59708813.23072608
1904032155.1886003
-17721431.171448402
-29983955.871647805
-14735444.427225588
442579153.7807841
1781497863.352904
54516327.46756895
-39806112.89295069
53284885.443142965
1828700037.0612638
-25508569.3399878
-37516436.92859186
-22648176.148858514
405438349.4222998
1736557325.7691855
50833911.15772654
-44817910.385637656
49288956.9612999
1780116252.2503583
-30709209.11204713
-42388453.40157826
-27911794.46619651
381733886.8937275
1705038862.7138193
48207462.722703554
-48550179.09954972
46527263.374106295
1745409527.0594988
-34585162.749898225
-45928619.19905666
-31791034.41103304
364921524.6588883
1681368472.5090063
46201340.57722047
-51484075.388887554
44471587.38588516
1718952854.7392287
-37671032.54164321
-48702880.54729472
-34832577.1693971
352140630.5593786
1662690100.263784
44631028.642312355
-53870825.145849794
42858109.67452092
1697874710.6112921
-40229262.95497981
-50986752.50745394
-37311702.13743156
341944057.7194876
1647430283.5880978
43353041.20687347
-55875547.49294128
41542787.46574669
1680541205.434731
-42405800.1025883
-52929554.8444825
-39385145.744099684
333520386.40840644
1634629202.8377903
42283229.50506378
-57599044.82521077
40440854.412757166
1665944400.1963634
-44290987.609665774
-54619959.28967382
-41151499.86688978
326377888.1977026
