c1_values:
    2354465672.4657097
    1984837287.0300474
    1852215801.2544959
    1781497863.352904
    1736557325.7691855
    1705038862.7138193
    1681368472.5090063
    1662690100.263784
    1647430283.5880978
    1634629202.8377903
  Average: 1804073087.1784844
  Standard Deviation: 210022613.18670723

c2_values:
    105740501.36530457
    72488992.22872148
    60594575.65075194
    54516327.46756895
    50833911.15772654
    48207462.722703554
    46201340.57722047
    44631028.642312355
    43353041.20687347
    42283229.50506378
  Average: 56885041.052424714
  Standard Deviation: 18499344.53061936

c3_values:
    18247660.305660438
    -18465232.999332193
    -32208001.899628762
    -39806112.89295069
    -44817910.385637656
    -48550179.09954972
    -51484075.388887554
    -53870825.145849794
    -55875547.49294128
    -57599044.82521077
  Average: -38442926.9824328
  Standard Deviation: 22080319.679492846

c4_values:
    101795217.65406896
    71454520.49067998
    59708813.23072608
    53284885.443142965
    49288956.9612999
    46527263.374106295
    44471587.38588516
    42858109.67452092
    41542787.46574669
    40440854.412757166
  Average: 55137299.609293416
  Standard Deviation: 18003364.15457132

c5_values:
    2471800046.810212
    2044259773.5499516
    1904032155.1886003
    1828700037.0612638
    1780116252.2503583
    1745409527.0594988
    1718952854.7392287
    1697874710.6112921
    1680541205.434731
    1665944400.1963634
  Average: 1853763096.2901497
  Standard Deviation: 233738063.04667777

c6_values:
    29824250.83356317
    -3535934.0675773947
    -17721431.171448402
    -25508569.3399878
    -30709209.11204713
    -34585162.749898225
    -37671032.54164321
    -40229262.95497981
    -42405800.1025883
    -44290987.609665774
  Average: -24683313.881627288
  Standard Deviation: 21704142.280727513

c7_values:
    30041091.732397195
    -15996358.868700447
    -29983955.871647805
    -37516436.92859186
    -42388453.40157826
    -45928619.19905666
    -48702880.54729472
    -50986752.50745394
    -52929554.8444825
    -54619959.28967382
  Average: -34901187.97260828
  Standard Deviation: 24385771.255135592

c8_values:
    57214258.01784586
    -538615.4761949076
    -14735444.427225588
    -22648176.148858514
    -27911794.46619651
    -31791034.41103304
    -34832577.1693971
    -37311702.13743156
    -39385145.744099684
    -41151499.86688978
  Average: -19309173.182948083
  Standard Deviation: 28134033.263807572

c9_values:
    716861889.5841577
    512068013.39598876
    442579153.7807841
    405438349.4222998
    381733886.8937275
    364921524.6588883
    352140630.5593786
    341944057.7194876
    333520386.40840644
    326377888.1977026
  Average: 417758578.0620821
  Standard Deviation: 113452413.85609223

