5550.293343303913
71.73578570435843
-356.03027805498135
70.39754584673166
5676.662131638779
-205.86415180616893
-657.9577089817598
-528.8472391442383
2229.931969817679
5741.395148608367
431.4653022747715
435.44989354285934
431.00402053970345
6053.792585053794
277.56316130570127
283.0938619936458
80.02812920250136
2559.895213167643
5611.997427423116
54.689419617729406
-372.13471613791813
54.57000709627514
5276.23380496794
-638.1137834935629
-602.83418414074
-878.3329729708969
2530.6751514491434
7810.51338116489
536.8302395461958
-354.64262041735384
186.3061540079959
5918.033167550795
-148.69653738867257
-455.7188405798092
-366.5052404043014
2769.665638510846
5462.788248684599
359.0739244533848
564.9503554747879
304.66126209289706
4857.88825626441
633.4660950184417
463.9246213004369
577.3823468750343
2266.7695783557147
5777.655428303856
170.82326839721927
292.88270859173
170.075470933754
6007.819779097337
356.6469660803718
75.83707615549437
215.87674336453355
2261.7135938414026
5104.029049285909
189.4375887041541
-131.9596807293735
191.0373877138823
5359.378117320572
-368.25286117266853
-277.57998104737425
-565.1287461698885
2087.766715091136
4729.91092194583
45.78360909809012
50.02776532128604
46.62724225114199
4912.558429467814
95.15651289759862
-150.85659965263216
-133.34094212909338
1929.4125688846998
6252.582849152742
159.22324430713718
-325.1593348081161
509.4644284197923
6366.425580237712
130.41257441369808
-483.497740423136
-6.971560259880222
2851.8375267963893
3869.211055707945
248.90312706727022
142.47505597266672
249.32226326715409
4753.798225440236
339.55492224632815
73.0508549369545
301.70953510679044
1496.5266659636443
5382.051405556395
224.12558042052657
133.33879600346035
223.51781269901457
4983.9888741372215
63.72556475685495
-35.70886037622291
-57.94372776899976
2160.7192727215365
5075.01114515904
153.28075469887074
79.84186775442829
157.21261207612977
6250.812843465107
399.7200659488478
-144.91566972807385
196.40973562475477
2088.9111658481474
3642.452486764398
140.77383182000204
320.2305106430327
144.57470204750638
5258.556443228997
467.0708422227024
309.6649031977757
432.40333217318266
1526.5335511292913
5172.656229578017
233.4402503156296
477.2841951897758
247.63842192920657
11006.026001290149
717.8508408114587
360.53405850858144
587.0108740287072
2698.58578828774
4092.161056916465
1003.9071834576399
1196.1799111522937
1002.9894494485021
47485.77899432851
7016.539136231315
1195.466550966387
7016.718071926086
4988.871261257746
4941.362577955087
991.7518752527413
1159.6848606119895
990.744677590095
47640.81169959898
6585.3305067266965
1157.565094623846
6583.74988319397
6215.679755208913