c1_values:
    5550.293343303913
    5741.395148608367
    5611.997427423116
    7810.51338116489
    5462.788248684599
    5777.655428303856
    5104.029049285909
    4729.91092194583
    6252.582849152742
    3869.211055707945
    5382.051405556395
    5075.01114515904
    3642.452486764398
    5172.656229578017
    4092.161056916465
    4941.362577955087
  Average: 5263.504484719411
  Standard Deviation: 955.8159410288041

c2_values:
    71.73578570435843
    431.4653022747715
    54.689419617729406
    536.8302395461958
    359.0739244533848
    170.82326839721927
    189.4375887041541
    45.78360909809012
    159.22324430713718
    248.90312706727022
    224.12558042052657
    153.28075469887074
    140.77383182000204
    233.4402503156296
    1003.9071834576399
    991.7518752527413
  Average: 313.4528115709826
  Standard Deviation: 288.6699942790062

c3_values:
    -356.03027805498135
    435.44989354285934
    -372.13471613791813
    -354.64262041735384
    564.9503554747879
    292.88270859173
    -131.9596807293735
    50.02776532128604
    -325.1593348081161
    142.47505597266672
    133.33879600346035
    79.84186775442829
    320.2305106430327
    477.2841951897758
    1196.1799111522937
    1159.6848606119895
  Average: 207.02620563191044
  Standard Deviation: 472.75669999190643

c4_values:
    70.39754584673166
    431.00402053970345
    54.57000709627514
    186.3061540079959
    304.66126209289706
    170.075470933754
    191.0373877138823
    46.62724225114199
    509.4644284197923
    249.32226326715409
    223.51781269901457
    157.21261207612977
    144.57470204750638
    247.63842192920657
    1002.9894494485021
    990.744677590095
  Average: 311.2589661224864
  Standard Deviation: 285.57928800632004

c5_values:
    5676.662131638779
    6053.792585053794
    5276.23380496794
    5918.033167550795
    4857.88825626441
    6007.819779097337
    5359.378117320572
    4912.558429467814
    6366.425580237712
    4753.798225440236
    4983.9888741372215
    6250.812843465107
    5258.556443228997
    11006.026001290149
    47485.77899432851
    47640.81169959898
  Average: 11113.035308318022
  Standard Deviation: 13848.882822520854

c6_values:
    -205.86415180616893
    277.56316130570127
    -638.1137834935629
    -148.69653738867257
    633.4660950184417
    356.6469660803718
    -368.25286117266853
    95.15651289759862
    130.41257441369808
    339.55492224632815
    63.72556475685495
    399.7200659488478
    467.0708422227024
    717.8508408114587
    7016.539136231315
    6585.3305067266965
  Average: 982.6318659249339
  Standard Deviation: 2227.6784827077236

c7_values:
    -657.9577089817598
    283.0938619936458
    -602.83418414074
    -455.7188405798092
    463.9246213004369
    75.83707615549437
    -277.57998104737425
    -150.85659965263216
    -483.497740423136
    73.0508549369545
    -35.70886037622291
    -144.91566972807385
    309.6649031977757
    360.53405850858144
    1195.466550966387
    1157.565094623846
  Average: 69.37921479708585
  Standard Deviation: 535.2724665029486

c8_values:
    -528.8472391442383
    80.02812920250136
    -878.3329729708969
    -366.5052404043014
    577.3823468750343
    215.87674336453355
    -565.1287461698885
    -133.34094212909338
    -6.971560259880222
    301.70953510679044
    -57.94372776899976
    196.40973562475477
    432.40333217318266
    587.0108740287072
    7016.718071926086
    6583.74988319397
  Average: 840.8886389155164
  Standard Deviation: 2289.106866583979

c9_values:
    2229.931969817679
    2559.895213167643
    2530.6751514491434
    2769.665638510846
    2266.7695783557147
    2261.7135938414026
    2087.766715091136
    1929.4125688846998
    2851.8375267963893
    1496.5266659636443
    2160.7192727215365
    2088.9111658481474
    1526.5335511292913
    2698.58578828774
    4988.871261257746
    6215.679755208913
  Average: 2666.4684635207295
  Standard Deviation: 1191.5369042685359

