2348434433.533776
100451065.52790949
19845860.24527251
102933897.49631727
2425339833.0624194
33809222.398981705
19585310.38092886
18533668.903669544
713243397.2821513
1985055457.4479735
70821950.86720477
-17796521.925635964
71443231.4151795
2043896598.0538933
-3324531.176348508
-15996358.868700447
-538615.4761949076
512068013.39598876
1852427823.2714143
59564568.21384434
-31849198.054356284
59666946.69808215
1904063940.8522246
-17689999.295574486
-29983955.871647805
-14735444.427225588
442579153.7807841
1781637161.2146847
53969184.625737935
-39630076.294682294
53284885.443142965
1828700037.0612638
-25508569.3399878
-37516436.92859186
-22648176.148858514
405438349.4222998
1736618346.0926452
50656621.98598122
-44775736.351110406
49288956.9612999
1780116252.2503583
-30709209.11204713
-42388453.40157826
-27911794.46619651
381733886.8937275
1705038862.7138193
48207462.722703554
-48550179.09954972
46527263.374106295
1745409527.0594988
-34585162.749898225
-45928619.19905666
-31791034.41103304
364921524.6588883
1681368472.5090063
46201340.57722047
-51484075.388887554
44471587.38588516
1718952854.7392287
-37671032.54164321
-48702880.54729472
-34832577.1693971
352140630.5593786
1662690100.263784
44631028.642312355
-53870825.145849794
42858109.67452092
1697874710.6112921
-40229262.95497981
-50986752.50745394
-37311702.13743156
341944057.7194876
1647430283.5880978
43353041.20687347
-55875547.49294128
41542787.46574669
1680541205.434731
-42405800.1025883
-52929554.8444825
-39385145.744099684
333520386.40840644
1634629202.8377903
42283229.50506378
-57599044.82521077
40440854.412757166
1665944400.1963634
-44290987.609665774
-54619959.28967382
-41151499.86688978
326377888.1977026
