c1_values:
    2348434433.533776
    1985055457.4479735
    1852427823.2714143
    1781637161.2146847
    1736618346.0926452
    1705038862.7138193
    1681368472.5090063
    1662690100.263784
    1647430283.5880978
    1634629202.8377903
  Average: 1803533014.347299
  Standard Deviation: 208464437.55745244

c2_values:
    100451065.52790949
    70821950.86720477
    59564568.21384434
    53969184.625737935
    50656621.98598122
    48207462.722703554
    46201340.57722047
    44631028.642312355
    43353041.20687347
    42283229.50506378
  Average: 56013949.38748513
  Standard Deviation: 16955983.56751329

c3_values:
    19845860.24527251
    -17796521.925635964
    -31849198.054356284
    -39630076.294682294
    -44775736.351110406
    -48550179.09954972
    -51484075.388887554
    -53870825.145849794
    -55875547.49294128
    -57599044.82521077
  Average: -38158534.43329515
  Standard Deviation: 22559122.930028155

c4_values:
    102933897.49631727
    71443231.4151795
    59666946.69808215
    53284885.443142965
    49288956.9612999
    46527263.374106295
    44471587.38588516
    42858109.67452092
    41542787.46574669
    40440854.412757166
  Average: 55245852.0327038
  Standard Deviation: 18297260.74187033

c5_values:
    2425339833.0624194
    2043896598.0538933
    1904063940.8522246
    1828700037.0612638
    1780116252.2503583
    1745409527.0594988
    1718952854.7392287
    1697874710.6112921
    1680541205.434731
    1665944400.1963634
  Average: 1849083935.9321275
  Standard Deviation: 221520006.0242201

c6_values:
    33809222.398981705
    -3324531.176348508
    -17689999.295574486
    -25508569.3399878
    -30709209.11204713
    -34585162.749898225
    -37671032.54164321
    -40229262.95497981
    -42405800.1025883
    -44290987.609665774
  Average: -24260533.248375155
  Standard Deviation: 22734637.098094687

c7_values:
    19585310.38092886
    -15996358.868700447
    -29983955.871647805
    -37516436.92859186
    -42388453.40157826
    -45928619.19905666
    -48702880.54729472
    -50986752.50745394
    -52929554.8444825
    -54619959.28967382
  Average: -35946766.10775512
  Standard Deviation: 21649491.611254618

c8_values:
    18533668.903669544
    -538615.4761949076
    -14735444.427225588
    -22648176.148858514
    -27911794.46619651
    -31791034.41103304
    -34832577.1693971
    -37311702.13743156
    -39385145.744099684
    -41151499.86688978
  Average: -23177232.094365716
  Standard Deviation: 18280767.636831794

c9_values:
    713243397.2821513
    512068013.39598876
    442579153.7807841
    405438349.4222998
    381733886.8937275
    364921524.6588883
    352140630.5593786
    341944057.7194876
    333520386.40840644
    326377888.1977026
  Average: 417396728.83188146
  Standard Deviation: 112499635.63280171

