1922504159.1732621
71420444.27041143
19211365.77461465
71779164.99637465
2313340563.3463902
78885047.0043104
93161842.02549337
113433208.55221054
517499304.9143
1887982797.560259
64571883.78512212
18434186.07236865
67756151.84079224
2266083604.3231277
74393517.1285469
81887689.38160916
108343977.12622182
508497472.2399458
1862298036.962028
62084574.94763355
29936789.049850807
62888902.10009251
2219017352.4243646
70535755.58503696
69531194.73795076
102096542.32606316
498273116.3638361
1845360012.0584772
60682218.028170645
37556655.67540902
62222362.45697609
2176692955.6007495
72775529.0033041
58820478.41419151
94935330.33984384
488788438.59671444
1845360012.058468
60682218.028169475
37556655.67540884
60774126.46511183
2134133141.2736177
78479880.43484856
47324388.848747976
86570581.95791252
478560942.9027643
1845360012.058475
60682218.02816913
37556655.67540878
60021624.93913368
2088577892.3050902
81053434.69490108
39153869.422454394
81837716.30407397
471829581.9170127
1845360012.058474
60682218.02817034
37556655.67540821
59619421.73702785
2048715451.006804
82207342.98328662
39153869.4224554
81837716.30407374
471829581.9170116
1845360012.058476
60682218.028170265
37556655.67540699
59619421.73702834
2048715451.0067873
82207342.98328641
39153869.42245452
81837716.30407657
471829581.9170119
1845360012.058475
60682218.02817013
37556655.67540585
59619421.737028435
2048715451.0067892
82207342.98328397
39153869.42245621
81837716.30407688
471829581.9170154
1845360012.0584567
60682218.02817122
37556655.675408125
59619421.73702934
2048715451.0067914
82207342.98328625
39153869.4224556
81837716.30407482
471829581.9170141
1845360012.05847
60682218.02816946
37556655.67540916
59619421.7370293
2048715451.0067813
82207342.98328575
39153869.42245372
81837716.3040753
471829581.9170096
1845360012.05847
60682218.02816946
37556655.67540916
59619421.7370293
2048715451.0067813
82207342.98328575
39153869.42245372
81837716.3040753
471829581.9170096
1845360012.0584567
60682218.02817122
37556655.675408125
59619421.73702934
2048715451.0067914
82207342.98328625
39153869.4224556
81837716.30407482
471829581.9170141
1845360012.058475
60682218.02817013
37556655.67540585
59619421.737028435
2048715451.0067892
82207342.98328397
39153869.42245621
81837716.30407688
471829581.9170154
1845360012.058476
60682218.028170265
37556655.67540699
59619421.73702834
2048715451.0067873
82207342.98328641
39153869.42245452
81837716.30407657
471829581.9170119
1845360012.058474
60682218.02817034
37556655.67540821
59619421.73702785
2048715451.006804
82207342.98328662
39153869.4224554
81837716.30407374
471829581.9170116
1845360012.058475
60682218.02816913
37556655.67540878
59619421.73702931
2048715451.0067878
82207342.98328489
35821115.62106974
79587548.79677273
475763356.07265043
1845360012.058468
60682218.028169475
37556655.67540884
59619421.7370295
2048715451.006792
82207342.9832865
22350185.88048355
71254925.84401973
491182406.76940465
1845360012.0584772
60682218.028170645
37556655.67540902
59619421.737028114
2048715451.0067968
82207342.98328507
4753864.94241381
64470653.63847501
508731872.484909
1845360012.0584724
60682218.028171346
37556655.67540801
59619421.73702865
2048715451.0067866
82207342.98328535
-11150739.488818081
58737784.42690574
523388988.08642024
1845360012.05847
60682218.0281701
37556655.67540836
59619421.737028256
2048715451.0067887
82207342.98328647
-32312537.348185647
49168725.60746905
540491388.5525676
1845360012.058463
60682218.02817061
37556655.675408125
59619421.737029314
2048715451.0067875
82207342.98328663
-50246915.64713445
39451756.07544552
555418739.3332117
