c1_values:
    1922504159.1732621
    1887982797.560259
    1862298036.962028
    1845360012.0584772
    1845360012.058468
    1845360012.058475
    1845360012.058474
    1845360012.058476
    1845360012.058475
    1845360012.0584567
    1845360012.05847
    1845360012.05847
    1845360012.0584567
    1845360012.058475
    1845360012.058476
    1845360012.058474
    1845360012.058475
    1845360012.058468
    1845360012.0584772
    1845360012.0584724
    1845360012.05847
    1845360012.058463
c2_values:
    71420444.27041143
    64571883.78512212
    62084574.94763355
    60682218.028170645
    60682218.028169475
    60682218.02816913
    60682218.02817034
    60682218.028170265
    60682218.02817013
    60682218.02817122
    60682218.02816946
    60682218.02816946
    60682218.02817122
    60682218.02817013
    60682218.028170265
    60682218.02817034
    60682218.02816913
    60682218.028169475
    60682218.028170645
    60682218.028171346
    60682218.0281701
    60682218.02817061
c3_values:
    19211365.77461465
    18434186.07236865
    29936789.049850807
    37556655.67540902
    37556655.67540884
    37556655.67540878
    37556655.67540821
    37556655.67540699
    37556655.67540585
    37556655.675408125
    37556655.67540916
    37556655.67540916
    37556655.675408125
    37556655.67540585
    37556655.67540699
    37556655.67540821
    37556655.67540878
    37556655.67540884
    37556655.67540902
    37556655.67540801
    37556655.67540836
    37556655.675408125
c4_values:
    71779164.99637465
    67756151.84079224
    62888902.10009251
    62222362.45697609
    60774126.46511183
    60021624.93913368
    59619421.73702785
    59619421.73702834
    59619421.737028435
    59619421.73702934
    59619421.7370293
    59619421.7370293
    59619421.73702934
    59619421.737028435
    59619421.73702834
    59619421.73702785
    59619421.73702931
    59619421.7370295
    59619421.737028114
    59619421.73702865
    59619421.737028256
    59619421.737029314
c5_values:
    2313340563.3463902
    2266083604.3231277
    2219017352.4243646
    2176692955.6007495
    2134133141.2736177
    2088577892.3050902
    2048715451.006804
    2048715451.0067873
    2048715451.0067892
    2048715451.0067914
    2048715451.0067813
    2048715451.0067813
    2048715451.0067914
    2048715451.0067892
    2048715451.0067873
    2048715451.006804
    2048715451.0067878
    2048715451.006792
    2048715451.0067968
    2048715451.0067866
    2048715451.0067887
    2048715451.0067875
c6_values:
    78885047.0043104
    74393517.1285469
    70535755.58503696
    72775529.0033041
    78479880.43484856
    81053434.69490108
    82207342.98328662
    82207342.98328641
    82207342.98328397
    82207342.98328625
    82207342.98328575
    82207342.98328575
    82207342.98328625
    82207342.98328397
    82207342.98328641
    82207342.98328662
    82207342.98328489
    82207342.9832865
    82207342.98328507
    82207342.98328535
    82207342.98328647
    82207342.98328663
c7_values:
    93161842.02549337
    81887689.38160916
    69531194.73795076
    58820478.41419151
    47324388.848747976
    39153869.422454394
    39153869.4224554
    39153869.42245452
    39153869.42245621
    39153869.4224556
    39153869.42245372
    39153869.42245372
    39153869.4224556
    39153869.42245621
    39153869.42245452
    39153869.4224554
    35821115.62106974
    22350185.88048355
    4753864.94241381
    -11150739.488818081
    -32312537.348185647
    -50246915.64713445
c8_values:
    113433208.55221054
    108343977.12622182
    102096542.32606316
    94935330.33984384
    86570581.95791252
    81837716.30407397
    81837716.30407374
    81837716.30407657
    81837716.30407688
    81837716.30407482
    81837716.3040753
    81837716.3040753
    81837716.30407482
    81837716.30407688
    81837716.30407657
    81837716.30407374
    79587548.79677273
    71254925.84401973
    64470653.63847501
    58737784.42690574
    49168725.60746905
    39451756.07544552
c9_values:
    517499304.9143
    508497472.2399458
    498273116.3638361
    488788438.59671444
    478560942.9027643
    471829581.9170127
    471829581.9170116
    471829581.9170119
    471829581.9170154
    471829581.9170141
    471829581.9170096
    471829581.9170096
    471829581.9170141
    471829581.9170154
    471829581.9170119
    471829581.9170116
    475763356.07265043
    491182406.76940465
    508731872.484909
    523388988.08642024
    540491388.5525676
    555418739.3332117
