4420740378.696308
125365191.95675048
57393034.62091193
119650425.32495752
3488054930.6332726
65515264.55215722
58771154.871971264
70417900.70570555
1580001173.2317948
3758444363.1723795
168562787.5918172
6086122.538356204
165208760.34337988
2756322943.1123013
43516266.1051411
6490123.733802523
46458213.536285214
1190370775.8810139
3476707752.763756
179972918.66514832
-20401054.985753942
177605551.16425428
2455762087.835495
31239298.24384869
-20220660.78914175
33457994.365713757
1031099817.4568172
3313943153.7052355
182868365.577319
-37485601.30146186
181039116.71051106
2287150336.876398
22948311.20356051
-37387626.429248005
24776826.724720847
941666025.6404274
3205877199.349973
182723454.08514413
-49762563.481876045
181230622.837998
2177755275.4028234
16804988.521057494
-49703200.23166834
18383822.75753099
883477862.6823198
3128089816.7409396
181370129.02867633
-59160798.59942084
180106355.01940152
2100423360.2064173
11993095.430605542
-59122430.35257972
13395763.327596692
842201363.234429
3069040597.6643734
179539339.80756447
-66660329.5070623
178441038.52168408
2042554322.4218333
8081445.174069955
-66634606.19103745
9351683.094688404
811200894.803941
3022490085.8028803
177552912.07999864
-72823590.3422582
176579501.93400225
1997452737.364158
4815516.048601823
-72806071.92906053
5981677.358183522
786953407.239766
2984739144.293767
175559878.493308
-78001680.84211555
174683973.67429757
1961211907.8909247
2033004.4354774822
-77989796.21444681
3114640.9595631785
767402940.3497064
2953441881.698552
173629847.50184622
-82427640.64033143
172832146.73194158
1931389849.029938
-375638.28348469536
-82419799.54314713
635600.1695991451
751263335.5768243
