c1_values:
    4420740378.696308
    3758444363.1723795
    3476707752.763756
    3313943153.7052355
    3205877199.349973
    3128089816.7409396
    3069040597.6643734
    3022490085.8028803
    2984739144.293767
    2953441881.698552
c2_values:
    125365191.95675048
    168562787.5918172
    179972918.66514832
    182868365.577319
    182723454.08514413
    181370129.02867633
    179539339.80756447
    177552912.07999864
    175559878.493308
    173629847.50184622
c3_values:
    57393034.62091193
    6086122.538356204
    -20401054.985753942
    -37485601.30146186
    -49762563.481876045
    -59160798.59942084
    -66660329.5070623
    -72823590.3422582
    -78001680.84211555
    -82427640.64033143
c4_values:
    119650425.32495752
    165208760.34337988
    177605551.16425428
    181039116.71051106
    181230622.837998
    180106355.01940152
    178441038.52168408
    176579501.93400225
    174683973.67429757
    172832146.73194158
c5_values:
    3488054930.6332726
    2756322943.1123013
    2455762087.835495
    2287150336.876398
    2177755275.4028234
    2100423360.2064173
    2042554322.4218333
    1997452737.364158
    1961211907.8909247
    1931389849.029938
c6_values:
    65515264.55215722
    43516266.1051411
    31239298.24384869
    22948311.20356051
    16804988.521057494
    11993095.430605542
    8081445.174069955
    4815516.048601823
    2033004.4354774822
    -375638.28348469536
c7_values:
    58771154.871971264
    6490123.733802523
    -20220660.78914175
    -37387626.429248005
    -49703200.23166834
    -59122430.35257972
    -66634606.19103745
    -72806071.92906053
    -77989796.21444681
    -82419799.54314713
c8_values:
    70417900.70570555
    46458213.536285214
    33457994.365713757
    24776826.724720847
    18383822.75753099
    13395763.327596692
    9351683.094688404
    5981677.358183522
    3114640.9595631785
    635600.1695991451
c9_values:
    1580001173.2317948
    1190370775.8810139
    1031099817.4568172
    941666025.6404274
    883477862.6823198
    842201363.234429
    811200894.803941
    786953407.239766
    767402940.3497064
    751263335.5768243
