4866.5226904567
-33.538295090132266
218.98638874285112
-32.43065671844714
4405.388258131855
158.47502198720926
-129.09371289933762
-118.26005133988392
1707.9577534181942
4615.9169755304665
198.1278766090158
-128.82684600751892
204.7298098067119
4330.675000484495
-235.9467060745485
-424.35431587325354
-565.9691015849237
2116.103068588588
4411.439240515971
131.29034905503536
135.15699597728263
-867.5057111337683
4810.756043878097
295.9003598173612
-206.1377131059829
-213.07384010335713
1904.0892823920312
5573.726969718411
305.3831873441775
243.30346417221932
308.9155166757784
5643.183473358648
269.29088183257346
-469.2565271881702
-179.11304651693789
2831.2342829589475
6344.34461879713
292.7350297755104
195.37415007062089
286.40485586659076
7109.151649327193
60.536448951286566
-46.36892486687697
-119.02985573848066
2927.7941622247454
4768.4601767888835
235.30665728513068
217.59907796935536
235.26283468157735
6429.190855702982
17.015326782116155
-283.726694460061
-343.5855456855828
2545.350951072232
4186.992826730161
246.7687697847232
43.73081192929688
249.60390675225932
6115.309715783885
79.86000328609883
-364.3746902114856
-155.60210832795363
2262.71849550639
5733.7108403582515
357.55704109196006
-340.38794133099714
361.3857097823815
6615.4916777065255
-678.7644799703947
-590.9279570386893
-1120.3732226962077
2863.8959065172107
5342.96678071923
232.5637741792851
99.77852624684401
238.13818148604375
4323.903711700866
171.90438505085135
-227.37200803858943
-310.60483148003004
2192.767707386005
5167.280987100701
136.47127109034284
-301.3271505851966
134.29977441360634
6552.685679849146
-716.6319231982637
-919.6281195399214
-1172.6348568689325
2981.243072722206