c1_values:
    4866.5226904567
    4615.9169755304665
    4411.439240515971
    5573.726969718411
    6344.34461879713
    4768.4601767888835
    4186.992826730161
    5733.7108403582515
    5342.96678071923
    5167.280987100701
  Average: 5101.1362106715915
  Standard Deviation: 628.045506339815

c2_values:
    -33.538295090132266
    198.1278766090158
    131.29034905503536
    305.3831873441775
    292.7350297755104
    235.30665728513068
    246.7687697847232
    357.55704109196006
    232.5637741792851
    136.47127109034284
  Average: 210.26656611250488
  Standard Deviation: 105.4848009130178

c3_values:
    218.98638874285112
    -128.82684600751892
    135.15699597728263
    243.30346417221932
    195.37415007062089
    217.59907796935536
    43.73081192929688
    -340.38794133099714
    99.77852624684401
    -301.3271505851966
  Average: 38.33874771847576
  Standard Deviation: 207.6938482297305

c4_values:
    -32.43065671844714
    204.7298098067119
    -867.5057111337683
    308.9155166757784
    286.40485586659076
    235.26283468157735
    249.60390675225932
    361.3857097823815
    238.13818148604375
    134.29977441360634
  Average: 111.88042216127342
  Standard Deviation: 342.17145065272587

c5_values:
    4405.388258131855
    4330.675000484495
    4810.756043878097
    5643.183473358648
    7109.151649327193
    6429.190855702982
    6115.309715783885
    6615.4916777065255
    4323.903711700866
    6552.685679849146
  Average: 5633.573606592368
  Standard Deviation: 1022.2366409191037

c6_values:
    158.47502198720926
    -235.9467060745485
    295.9003598173612
    269.29088183257346
    60.536448951286566
    17.015326782116155
    79.86000328609883
    -678.7644799703947
    171.90438505085135
    -716.6319231982637
  Average: -57.836068153571
  Standard Deviation: 349.51039014925766

c7_values:
    -129.09371289933762
    -424.35431587325354
    -206.1377131059829
    -469.2565271881702
    -46.36892486687697
    -283.726694460061
    -364.3746902114856
    -590.9279570386893
    -227.37200803858943
    -919.6281195399214
  Average: -366.12406632223684
  Standard Deviation: 241.03889430703376

c8_values:
    -118.26005133988392
    -565.9691015849237
    -213.07384010335713
    -179.11304651693789
    -119.02985573848066
    -343.5855456855828
    -155.60210832795363
    -1120.3732226962077
    -310.60483148003004
    -1172.6348568689325
  Average: -429.824646034229
  Standard Deviation: 380.4617355228983

c9_values:
    1707.9577534181942
    2116.103068588588
    1904.0892823920312
    2831.2342829589475
    2927.7941622247454
    2545.350951072232
    2262.71849550639
    2863.8959065172107
    2192.767707386005
    2981.243072722206
  Average: 2433.315468278655
  Standard Deviation: 435.2974975801374

