4561.2725472117045
208.36513291631687
-239.6228576448854
209.64514483261127
6935.685731719329
-518.6096461098932
-242.91754365999373
-519.118166212806
1948.370908197694
5624.4668890923
280.0393184663457
-324.40701205236945
285.1156304754131
6276.960955613425
-396.759141674423
-323.1931759738742
-395.0028207805338
2505.9104463086983
7309.784444132587
379.41309179808746
-602.63455308253
378.79524337363944
5533.158896851704
-564.4407256766516
-523.417789666224
-459.323397160338
2346.996087994676
4949.059784889655
77.88032962671393
344.473654930702
75.93501222315295
4753.727437254539
184.0307057626267
344.04724174124163
194.87298056593156
1682.0984584416628
5957.934642046793
435.16444749618654
-176.28045993220414
418.69671464028755
6508.975464108198
-131.36488709471274
-62.624030895421924
-130.69123780772927
2722.3491985513
4538.796195440368
316.3403442880923
186.10796885686094
319.2772207325877
5272.654973428844
184.0611321305434
185.5541489221719
182.26501994716526
1741.0417781255837
5185.658986964637
65.87382324983513
199.40074692852266
63.184977113361356
4956.490590309346
333.50785013053604
202.32002701754146
332.3174567748701
1637.8264425539944
4670.171542103195
240.21783091776962
-452.2984166024323
242.09121671908238
5771.232255263828
-512.3834484933385
-452.665125555918
-513.1836617350598
2083.667523572819
5577.243469734636
307.45237937320667
-267.1063274248672
306.3128551489021
4011.659531545943
-121.36795374078883
-264.25294715125517
-119.47630878551962
1980.4594754334003
6951.348945028065
230.01687522152898
186.93408512228504
211.22382433723376
5869.13946101267
140.930040616036
174.23998825941985
143.01023396792434
2328.8469970267633