c1_values:
    4561.2725472117045
    5624.4668890923
    7309.784444132587
    4949.059784889655
    5957.934642046793
    4538.796195440368
    5185.658986964637
    4670.171542103195
    5577.243469734636
    6951.348945028065
  Average: 5532.5737446643925
  Standard Deviation: 921.8659528197622

c2_values:
    208.36513291631687
    280.0393184663457
    379.41309179808746
    77.88032962671393
    435.16444749618654
    316.3403442880923
    65.87382324983513
    240.21783091776962
    307.45237937320667
    230.01687522152898
  Average: 254.07635733540832
  Standard Deviation: 111.9052009706697

c3_values:
    -239.6228576448854
    -324.40701205236945
    -602.63455308253
    344.473654930702
    -176.28045993220414
    186.10796885686094
    199.40074692852266
    -452.2984166024323
    -267.1063274248672
    186.93408512228504
  Average: -114.54331709009179
  Standard Deviation: 304.8972690068727

c4_values:
    209.64514483261127
    285.1156304754131
    378.79524337363944
    75.93501222315295
    418.69671464028755
    319.2772207325877
    63.184977113361356
    242.09121671908238
    306.3128551489021
    211.22382433723376
  Average: 251.0277839596272
  Standard Deviation: 110.73975756341893

c5_values:
    6935.685731719329
    6276.960955613425
    5533.158896851704
    4753.727437254539
    6508.975464108198
    5272.654973428844
    4956.490590309346
    5771.232255263828
    4011.659531545943
    5869.13946101267
  Average: 5588.968529710782
  Standard Deviation: 832.6967070356321

c6_values:
    -518.6096461098932
    -396.759141674423
    -564.4407256766516
    184.0307057626267
    -131.36488709471274
    184.0611321305434
    333.50785013053604
    -512.3834484933385
    -121.36795374078883
    140.930040616036
  Average: -140.2396074150066
  Standard Deviation: 322.74663669535624

c7_values:
    -242.91754365999373
    -323.1931759738742
    -523.417789666224
    344.04724174124163
    -62.624030895421924
    185.5541489221719
    202.32002701754146
    -452.665125555918
    -264.25294715125517
    174.23998825941985
  Average: -96.29092069623124
  Standard Deviation: 291.1113960769933

c8_values:
    -519.118166212806
    -395.0028207805338
    -459.323397160338
    194.87298056593156
    -130.69123780772927
    182.26501994716526
    332.3174567748701
    -513.1836617350598
    -119.47630878551962
    143.01023396792434
  Average: -128.4329901226095
  Standard Deviation: 311.18059810947364

c9_values:
    1948.370908197694
    2505.9104463086983
    2346.996087994676
    1682.0984584416628
    2722.3491985513
    1741.0417781255837
    1637.8264425539944
    2083.667523572819
    1980.4594754334003
    2328.8469970267633
  Average: 2097.7567316206587
  Standard Deviation: 349.2928108813097

