2786052107.0134983
185542400.1908791
-37523027.88295465
230134594.69274184
2667272524.92083
101444042.45730333
-8984117.42375695
187872853.20098343
1115064188.2734346
2772940347.3668585
185832501.60402805
-39304657.58855322
217507327.0907883
2617594180.400231
100070708.30459046
-21828313.609598152
156897636.23462066
1094251028.826134
2761498103.76508
186374256.06662524
-42068514.26400633
204625447.76514873
2576801829.0313225
100397311.161925
-34769232.473225646
122585058.23459399
1072365262.9968116
2750786244.291103
187245794.49000803
-46226623.60693054
199605713.3417021
2550301760.98942
91763185.14347537
-44201864.79324277
84978459.12807314
1052946721.6213751
2748218314.9565396
187440974.0063273
-47295677.35139108
193774862.64259967
2517056427.501217
78776273.68190688
-45997500.00646694
63706143.83217653
1046204199.863113
2748218314.956537
187440974.0063273
-47295677.35138738
187659114.47938514
2482186715.0513225
65154817.05137015
-45997500.0064673
63706143.83217698
1046204199.8631077
2748218314.9565434
187440974.00632775
-47295677.35138892
187659114.4793854
2482186715.051315
65154817.051368766
-45997500.00646834
63706143.83217759
1046204199.8631092
2748218314.956532
187440974.0063263
-47295677.35138781
187659114.47938466
2482186715.051308
65154817.05136935
-45997500.00646725
63706143.8321769
1046204199.8631119
2748218314.956528
187440974.00632846
-47295677.35138503
187659114.47938475
2482186715.0513024
65154817.05137013
-45997500.00646841
63706143.83217769
1046204199.8631115
2748218314.956531
187440974.00632584
-47295677.35138976
187659114.4793844
2482186715.0513186
65154817.05136998
-45997500.006469674
63706143.83217806
1046204199.8631063
2748218314.9565415
187440974.00632706
-47295677.35138804
187659114.47938368
2482186715.051317
65154817.05136881
-45997500.006466836
63706143.83217754
1046204199.8631045
2748218314.9565415
187440974.00632706
-47295677.35138804
187659114.47938368
2482186715.051317
65154817.05136881
-45997500.006466836
63706143.83217754
1046204199.8631045
2748218314.956531
187440974.00632584
-47295677.35138976
187659114.4793844
2482186715.0513186
65154817.05136998
-45997500.006469674
63706143.83217806
1046204199.8631063
2748218314.956528
187440974.00632846
-47295677.35138503
187659114.47938475
2482186715.0513024
65154817.05137013
-45997500.00646841
63706143.83217769
1046204199.8631115
2748218314.956532
187440974.0063263
-47295677.35138781
187659114.47938466
2482186715.051308
65154817.05136935
-45997500.00646725
63706143.8321769
1046204199.8631119
2748218314.9565434
187440974.00632775
-47295677.35138892
187659114.4793854
2482186715.051315
65154817.051368766
-45997500.00646834
63706143.83217759
1046204199.8631092
2749684441.6356044
169078482.8046301
-47267771.36037544
187659114.47938514
2482186715.0513225
65154817.05137015
-45997500.0064673
63706143.83217698
1046204199.8631077
2752102763.183221
138790235.01859114
-47221741.463818565
187659114.4793845
2482186715.0513043
65154817.05137063
-49714086.93182326
58222328.92314497
1050541481.2120925
2753876198.984809
116578853.30883007
-47187986.206342325
187659114.47938302
2482186715.0513177
65154817.051368386
-56136931.931799866
48932535.993048616
1058200012.7462354
2755232355.774249
99593679.06018843
-47162173.3623906
187659114.47938275
2482186715.0513206
65154817.05136907
-61048519.284721635
41828576.69356786
1064056536.8605722
2756303005.871178
86184330.96915574
-47141794.80137556
187659114.4793832
2482186715.051314
65154817.05136979
-66726807.62294904
34734482.28003823
1070471133.3098445
2757169722.616327
75329144.41927154
-47125297.87103077
187659114.4793826
2482186715.051322
65154817.05136878
-77761518.8001503
23199471.4720545
1082052836.316845
