c1_values:
    2786052107.0134983
    2772940347.3668585
    2761498103.76508
    2750786244.291103
    2748218314.9565396
    2748218314.956537
    2748218314.9565434
    2748218314.956532
    2748218314.956528
    2748218314.956531
    2748218314.9565415
    2748218314.9565415
    2748218314.956531
    2748218314.956528
    2748218314.956532
    2748218314.9565434
    2749684441.6356044
    2752102763.183221
    2753876198.984809
    2755232355.774249
    2756303005.871178
    2757169722.616327
c2_values:
    185542400.1908791
    185832501.60402805
    186374256.06662524
    187245794.49000803
    187440974.0063273
    187440974.0063273
    187440974.00632775
    187440974.0063263
    187440974.00632846
    187440974.00632584
    187440974.00632706
    187440974.00632706
    187440974.00632584
    187440974.00632846
    187440974.0063263
    187440974.00632775
    169078482.8046301
    138790235.01859114
    116578853.30883007
    99593679.06018843
    86184330.96915574
    75329144.41927154
c3_values:
    -37523027.88295465
    -39304657.58855322
    -42068514.26400633
    -46226623.60693054
    -47295677.35139108
    -47295677.35138738
    -47295677.35138892
    -47295677.35138781
    -47295677.35138503
    -47295677.35138976
    -47295677.35138804
    -47295677.35138804
    -47295677.35138976
    -47295677.35138503
    -47295677.35138781
    -47295677.35138892
    -47267771.36037544
    -47221741.463818565
    -47187986.206342325
    -47162173.3623906
    -47141794.80137556
    -47125297.87103077
c4_values:
    230134594.69274184
    217507327.0907883
    204625447.76514873
    199605713.3417021
    193774862.64259967
    187659114.47938514
    187659114.4793854
    187659114.47938466
    187659114.47938475
    187659114.4793844
    187659114.47938368
    187659114.47938368
    187659114.4793844
    187659114.47938475
    187659114.47938466
    187659114.4793854
    187659114.47938514
    187659114.4793845
    187659114.47938302
    187659114.47938275
    187659114.4793832
    187659114.4793826
c5_values:
    2667272524.92083
    2617594180.400231
    2576801829.0313225
    2550301760.98942
    2517056427.501217
    2482186715.0513225
    2482186715.051315
    2482186715.051308
    2482186715.0513024
    2482186715.0513186
    2482186715.051317
    2482186715.051317
    2482186715.0513186
    2482186715.0513024
    2482186715.051308
    2482186715.051315
    2482186715.0513225
    2482186715.0513043
    2482186715.0513177
    2482186715.0513206
    2482186715.051314
    2482186715.051322
c6_values:
    101444042.45730333
    100070708.30459046
    100397311.161925
    91763185.14347537
    78776273.68190688
    65154817.05137015
    65154817.051368766
    65154817.05136935
    65154817.05137013
    65154817.05136998
    65154817.05136881
    65154817.05136881
    65154817.05136998
    65154817.05137013
    65154817.05136935
    65154817.051368766
    65154817.05137015
    65154817.05137063
    65154817.051368386
    65154817.05136907
    65154817.05136979
    65154817.05136878
c7_values:
    -8984117.42375695
    -21828313.609598152
    -34769232.473225646
    -44201864.79324277
    -45997500.00646694
    -45997500.0064673
    -45997500.00646834
    -45997500.00646725
    -45997500.00646841
    -45997500.006469674
    -45997500.006466836
    -45997500.006466836
    -45997500.006469674
    -45997500.00646841
    -45997500.00646725
    -45997500.00646834
    -45997500.0064673
    -49714086.93182326
    -56136931.931799866
    -61048519.284721635
    -66726807.62294904
    -77761518.8001503
c8_values:
    187872853.20098343
    156897636.23462066
    122585058.23459399
    84978459.12807314
    63706143.83217653
    63706143.83217698
    63706143.83217759
    63706143.8321769
    63706143.83217769
    63706143.83217806
    63706143.83217754
    63706143.83217754
    63706143.83217806
    63706143.83217769
    63706143.8321769
    63706143.83217759
    63706143.83217698
    58222328.92314497
    48932535.993048616
    41828576.69356786
    34734482.28003823
    23199471.4720545
c9_values:
    1115064188.2734346
    1094251028.826134
    1072365262.9968116
    1052946721.6213751
    1046204199.863113
    1046204199.8631077
    1046204199.8631092
    1046204199.8631119
    1046204199.8631115
    1046204199.8631063
    1046204199.8631045
    1046204199.8631045
    1046204199.8631063
    1046204199.8631115
    1046204199.8631119
    1046204199.8631092
    1046204199.8631077
    1050541481.2120925
    1058200012.7462354
    1064056536.8605722
    1070471133.3098445
    1082052836.316845
