4899.167085267891
166.88893270285604
136.8919114831263
165.85507753611313
5794.372898239895
124.51437996549484
138.26568451818838
124.779606991923
1817.869740412655
5776.651724716636
182.4513195802736
-162.23524176166313
183.22447091989093
3627.3769225771666
5.536123245864711
-161.06245448559957
4.786910001546654
1247.3398080548366
5895.913360252969
322.069582955235
360.5371090423433
318.7019626394767
5650.897195290991
290.6481254860784
361.1854201068876
290.3151729269402
2255.7005402020577
6481.576661759929
416.6533471284203
-274.5312970713748
418.3320486518065
5724.1607723193065
-95.00151653301018
-275.9118220730677
-96.44480894063733
2656.101275444385
5246.893618714572
212.31426276768568
-257.9834603196354
211.94018555586135
5572.518794202692
-201.26637049067887
-258.0300405295902
-201.7046213236588
1772.4754421320647
3812.104710197989
98.04136399266076
-449.17592807696394
98.52771089453444
3928.818876575218
-319.8895936778512
-451.37607938476407
-321.374136545846
1300.5881563799899
6750.148065663047
203.1609251920207
-744.1286077837244
203.22515482321134
6127.8325645944615
-256.9614099847065
-743.6968898752541
-259.1397070802866
2395.578296596155
4290.205275258247
148.7509042949094
169.53819397006936
144.43978743453874
3748.7938174771407
4.61787831869066
167.9586066762126
4.932306017580547
1464.6050149420996
5884.768401246351
559.3331374283874
40.72560217177267
558.1951255810105
6912.53356833612
-43.77726789107451
41.798920705220446
-45.194041143045276
2765.6244910379396
4653.621717253821
260.53301934770576
135.48771991467328
259.66784567822396
4415.7617865458205
221.6701825473158
134.61975485187202
219.34184121661823
1679.9931748443582
