c1_values:
    4899.167085267891
    5776.651724716636
    5895.913360252969
    6481.576661759929
    5246.893618714572
    3812.104710197989
    6750.148065663047
    4290.205275258247
    5884.768401246351
    4653.621717253821
  Average: 5369.105062033146
  Standard Deviation: 905.0067062667858

c2_values:
    166.88893270285604
    182.4513195802736
    322.069582955235
    416.6533471284203
    212.31426276768568
    98.04136399266076
    203.1609251920207
    148.7509042949094
    559.3331374283874
    260.53301934770576
  Average: 257.01967953901544
  Standard Deviation: 132.9284515021702

c3_values:
    136.8919114831263
    -162.23524176166313
    360.5371090423433
    -274.5312970713748
    -257.9834603196354
    -449.17592807696394
    -744.1286077837244
    169.53819397006936
    40.72560217177267
    135.48771991467328
  Average: -104.48739984313768
  Standard Deviation: 318.1255260312313

c4_values:
    165.85507753611313
    183.22447091989093
    318.7019626394767
    418.3320486518065
    211.94018555586135
    98.52771089453444
    203.22515482321134
    144.43978743453874
    558.1951255810105
    259.66784567822396
  Average: 256.2109369714667
  Standard Deviation: 133.04516950497663

c5_values:
    5794.372898239895
    3627.3769225771666
    5650.897195290991
    5724.1607723193065
    5572.518794202692
    3928.818876575218
    6127.8325645944615
    3748.7938174771407
    6912.53356833612
    4415.7617865458205
  Average: 5150.306719615882
  Standard Deviation: 1074.668609918022

c6_values:
    124.51437996549484
    5.536123245864711
    290.6481254860784
    -95.00151653301018
    -201.26637049067887
    -319.8895936778512
    -256.9614099847065
    4.61787831869066
    -43.77726789107451
    221.6701825473158
  Average: -26.990946901387694
  Standard Deviation: 190.1823079033711

c7_values:
    138.26568451818838
    -161.06245448559957
    361.1854201068876
    -275.9118220730677
    -258.0300405295902
    -451.37607938476407
    -743.6968898752541
    167.9586066762126
    41.798920705220446
    134.61975485187202
  Average: -104.62488994898945
  Standard Deviation: 318.38054771625093

c8_values:
    124.779606991923
    4.786910001546654
    290.3151729269402
    -96.44480894063733
    -201.7046213236588
    -321.374136545846
    -259.1397070802866
    4.932306017580547
    -45.194041143045276
    219.34184121661823
  Average: -27.97014778788654
  Standard Deviation: 190.43403686164052

c9_values:
    1817.869740412655
    1247.3398080548366
    2255.7005402020577
    2656.101275444385
    1772.4754421320647
    1300.5881563799899
    2395.578296596155
    1464.6050149420996
    2765.6244910379396
    1679.9931748443582
  Average: 1935.5875940046542
  Standard Deviation: 522.1772136975978

