6952.017151271813
373.65236533836514
428.18431982737616
491.25296113684516
7649.383441173536
-66.24187502006112
570.4902947208636
436.27635938046126
2442.3526239280127
4899.565445787948
313.9759848615324
270.94769694467357
329.03586142741864
5596.343707239062
185.7410877233365
506.5231132906563
444.83679330520704
1813.0689705619518
6939.651565018125
390.63535862040277
270.3248499012827
311.3326654102124
7864.248159551888
357.8183575150814
764.6717215273177
591.4203629893294
2648.601269694922
6529.776425448558
498.3168133284385
417.93759880308363
460.66746200873644
7210.4035078276365
543.9056465774396
644.1034772698343
783.7432237557233
2248.8325973959877
6483.558786651803
70.32695193853327
3.7961960834976205
135.5307655884821
6421.4143295692265
148.58497300298308
309.5313722511705
612.2671317135042
2320.979991538861
7444.264708609794
478.9466461954743
36.80207829846933
495.17977701830705
6781.281025488992
217.62169747144546
335.2358800163877
516.6856084093646
2659.074640261213
4703.396420678484
173.5761576650405
379.8861513434456
153.8165377448327
5136.874192542279
305.73197404863413
538.2237748277041
395.34268476921244
1590.6725777499666
6305.4649127133025
269.92198836470976
-151.54435564872742
386.1579046809974
7020.293854207193
-246.90158419229135
193.90215337975573
341.8719621628688
2113.761094623307
8033.077423810712
467.12863008465024
105.04869545674092
447.9611611574122
6649.639100949748
164.69538510264087
404.50574964420775
484.85929057606603
2853.322112181305
6375.275379823144
102.42370326739685
-60.60730046215623
112.40235575930738
5409.621521313133
-151.5517657820539
171.7063674277716
25.818714048638633
1605.4219697216488