c1_values:
    6952.017151271813
    4899.565445787948
    6939.651565018125
    6529.776425448558
    6483.558786651803
    7444.264708609794
    4703.396420678484
    6305.4649127133025
    8033.077423810712
    6375.275379823144
  Average: 6466.604821981369
  Standard Deviation: 973.249973822831

c2_values:
    373.65236533836514
    313.9759848615324
    390.63535862040277
    498.3168133284385
    70.32695193853327
    478.9466461954743
    173.5761576650405
    269.92198836470976
    467.12863008465024
    102.42370326739685
  Average: 313.8904599664544
  Standard Deviation: 148.2776230193372

c3_values:
    428.18431982737616
    270.94769694467357
    270.3248499012827
    417.93759880308363
    3.7961960834976205
    36.80207829846933
    379.8861513434456
    -151.54435564872742
    105.04869545674092
    -60.60730046215623
  Average: 170.07759305476856
  Standard Deviation: 199.6482926723508

c4_values:
    491.25296113684516
    329.03586142741864
    311.3326654102124
    460.66746200873644
    135.5307655884821
    495.17977701830705
    153.8165377448327
    386.1579046809974
    447.9611611574122
    112.40235575930738
  Average: 332.33374519325514
  Standard Deviation: 142.8047524420356

c5_values:
    7649.383441173536
    5596.343707239062
    7864.248159551888
    7210.4035078276365
    6421.4143295692265
    6781.281025488992
    5136.874192542279
    7020.293854207193
    6649.639100949748
    5409.621521313133
  Average: 6573.950283986269
  Standard Deviation: 887.3706216652181

c6_values:
    -66.24187502006112
    185.7410877233365
    357.8183575150814
    543.9056465774396
    148.58497300298308
    217.62169747144546
    305.73197404863413
    -246.90158419229135
    164.69538510264087
    -151.5517657820539
  Average: 145.94038964471548
  Standard Deviation: 228.8516399247939

c7_values:
    570.4902947208636
    506.5231132906563
    764.6717215273177
    644.1034772698343
    309.5313722511705
    335.2358800163877
    538.2237748277041
    193.90215337975573
    404.50574964420775
    171.7063674277716
  Average: 443.88939043556695
  Standard Deviation: 184.3428010620475

c8_values:
    436.27635938046126
    444.83679330520704
    591.4203629893294
    783.7432237557233
    612.2671317135042
    516.6856084093646
    395.34268476921244
    341.8719621628688
    484.85929057606603
    25.818714048638633
  Average: 463.31221311103764
  Standard Deviation: 188.79320058625123

c9_values:
    2442.3526239280127
    1813.0689705619518
    2648.601269694922
    2248.8325973959877
    2320.979991538861
    2659.074640261213
    1590.6725777499666
    2113.761094623307
    2853.322112181305
    1605.4219697216488
  Average: 2229.6087847657177
  Standard Deviation: 422.81992533452825

