2767056145.114928
80242031.76632947
-115615465.11701901
114195294.26781832
2758374740.006496
-120512724.97925924
-47496750.78042913
27276627.548235245
881031126.794055
2748749057.309011
73435769.97517511
-118869360.78852287
98822071.82976754
2699922310.5527554
-122129566.68891552
-59388429.10803576
7942484.362631792
862603719.0301065
2735890980.15762
72160346.96566355
-116910737.76374722
83251448.30818118
2631359140.425827
-124766218.45254822
-70005026.27037872
-13290022.22692931
844835315.5133305
2721851177.556574
70686030.05434611
-115032640.97374907
75611830.2015098
2571765040.090094
-115804651.11664987
-78576232.99332905
-35692936.418456204
827686563.6253486
2713411584.9721575
69202667.18053973
-114542105.67132129
72232265.42031595
2534678137.433799
-100987290.50705098
-88396212.68674488
-54298326.98944163
812193020.3040712
2713411584.9721727
69202667.1805399
-114542105.67132187
68472570.63384283
2493419737.731223
-84503288.26416336
-99581052.01232702
-67872652.33335692
798220566.3341591
2713411584.972164
69202667.18054011
-114542105.6713195
68472570.63384238
2493419737.7312126
-84503288.26416303
-114449643.8344421
-85368700.59632951
780258133.347811
2713411584.9721746
69202667.18054011
-114542105.67132097
68472570.63384505
2493419737.731226
-84503288.26416406
-114449643.83444016
-85368700.59633087
780258133.3478143
2713411584.97216
69202667.180539
-114542105.671318
68472570.63384575
2493419737.7312236
-84503288.26416518
-114449643.83444142
-85368700.59632982
780258133.3478149
2713411584.9721627
69202667.18054067
-114542105.67132069
68472570.63384345
2493419737.7312217
-84503288.26416315
-114449643.8344398
-85368700.59632951
780258133.3478217
2713411584.9721694
69202667.18053897
-114542105.67132087
68472570.63384333
2493419737.7312293
-84503288.26416515
-114449643.8344422
-85368700.59633163
780258133.3478143
2713411584.9721694
69202667.18053897
-114542105.67132087
68472570.63384333
2493419737.7312293
-84503288.26416515
-114449643.8344422
-85368700.59633163
780258133.3478143
2713411584.9721627
69202667.18054067
-114542105.67132069
68472570.63384345
2493419737.7312217
-84503288.26416315
-114449643.8344398
-85368700.59632951
780258133.3478217
2713411584.97216
69202667.180539
-114542105.671318
68472570.63384575
2493419737.7312236
-84503288.26416518
-114449643.83444142
-85368700.59632982
780258133.3478149
2713411584.9721746
69202667.18054011
-114542105.67132097
68472570.63384505
2493419737.731226
-84503288.26416406
-114449643.83444016
-85368700.59633087
780258133.3478143
2713411584.972164
69202667.18054011
-114542105.6713195
68472570.63384238
2493419737.7312126
-84503288.26416303
-114449643.8344421
-85368700.59632951
780258133.347811
2713411584.9721727
69202667.1805399
-114542105.67132187
68472570.63384283
2493419737.731223
-84503288.26416336
-115945929.10055637
-87424329.60649237
782047056.1693946
2713411584.9721575
69202667.18053973
-114542105.67132129
68472570.63384448
2493419737.7312274
-84503288.2641646
-120142601.36889851
-92685260.69509889
787004296.0238092
2713411584.9721665
69202667.18053946
-114542105.67132056
68472570.63384263
2493419737.731218
-84503288.26416382
-127202810.3892216
-108965747.49150029
799246454.1060048
2713411584.972149
69202667.18054047
-114542105.67132044
68472570.63384412
2493419737.731218
-84503288.26416536
-134318132.90591988
-136495083.0708615
815888719.2896923
2713411584.9721694
69202667.1805387
-114542105.67131968
68472570.63384415
2493419737.7312317
-84503288.26416501
-147247876.53316954
-162948494.19061932
836033895.5804467
2713411584.9721675
69202667.1805406
-114542105.67131998
68472570.63384442
2493419737.7312217
-84503288.26416512
-162130099.16353434
-188163411.45836675
857685786.5351856
