c1_values:
    2767056145.114928
    2748749057.309011
    2735890980.15762
    2721851177.556574
    2713411584.9721575
    2713411584.9721727
    2713411584.972164
    2713411584.9721746
    2713411584.97216
    2713411584.9721627
    2713411584.9721694
    2713411584.9721694
    2713411584.9721627
    2713411584.97216
    2713411584.9721746
    2713411584.972164
    2713411584.9721727
    2713411584.9721575
    2713411584.9721665
    2713411584.972149
    2713411584.9721694
    2713411584.9721675
c2_values:
    80242031.76632947
    73435769.97517511
    72160346.96566355
    70686030.05434611
    69202667.18053973
    69202667.1805399
    69202667.18054011
    69202667.18054011
    69202667.180539
    69202667.18054067
    69202667.18053897
    69202667.18053897
    69202667.18054067
    69202667.180539
    69202667.18054011
    69202667.18054011
    69202667.1805399
    69202667.18053973
    69202667.18053946
    69202667.18054047
    69202667.1805387
    69202667.1805406
c3_values:
    -115615465.11701901
    -118869360.78852287
    -116910737.76374722
    -115032640.97374907
    -114542105.67132129
    -114542105.67132187
    -114542105.6713195
    -114542105.67132097
    -114542105.671318
    -114542105.67132069
    -114542105.67132087
    -114542105.67132087
    -114542105.67132069
    -114542105.671318
    -114542105.67132097
    -114542105.6713195
    -114542105.67132187
    -114542105.67132129
    -114542105.67132056
    -114542105.67132044
    -114542105.67131968
    -114542105.67131998
c4_values:
    114195294.26781832
    98822071.82976754
    83251448.30818118
    75611830.2015098
    72232265.42031595
    68472570.63384283
    68472570.63384238
    68472570.63384505
    68472570.63384575
    68472570.63384345
    68472570.63384333
    68472570.63384333
    68472570.63384345
    68472570.63384575
    68472570.63384505
    68472570.63384238
    68472570.63384283
    68472570.63384448
    68472570.63384263
    68472570.63384412
    68472570.63384415
    68472570.63384442
c5_values:
    2758374740.006496
    2699922310.5527554
    2631359140.425827
    2571765040.090094
    2534678137.433799
    2493419737.731223
    2493419737.7312126
    2493419737.731226
    2493419737.7312236
    2493419737.7312217
    2493419737.7312293
    2493419737.7312293
    2493419737.7312217
    2493419737.7312236
    2493419737.731226
    2493419737.7312126
    2493419737.731223
    2493419737.7312274
    2493419737.731218
    2493419737.731218
    2493419737.7312317
    2493419737.7312217
c6_values:
    -120512724.97925924
    -122129566.68891552
    -124766218.45254822
    -115804651.11664987
    -100987290.50705098
    -84503288.26416336
    -84503288.26416303
    -84503288.26416406
    -84503288.26416518
    -84503288.26416315
    -84503288.26416515
    -84503288.26416515
    -84503288.26416315
    -84503288.26416518
    -84503288.26416406
    -84503288.26416303
    -84503288.26416336
    -84503288.2641646
    -84503288.26416382
    -84503288.26416536
    -84503288.26416501
    -84503288.26416512
c7_values:
    -47496750.78042913
    -59388429.10803576
    -70005026.27037872
    -78576232.99332905
    -88396212.68674488
    -99581052.01232702
    -114449643.8344421
    -114449643.83444016
    -114449643.83444142
    -114449643.8344398
    -114449643.8344422
    -114449643.8344422
    -114449643.8344398
    -114449643.83444142
    -114449643.83444016
    -114449643.8344421
    -115945929.10055637
    -120142601.36889851
    -127202810.3892216
    -134318132.90591988
    -147247876.53316954
    -162130099.16353434
c8_values:
    27276627.548235245
    7942484.362631792
    -13290022.22692931
    -35692936.418456204
    -54298326.98944163
    -67872652.33335692
    -85368700.59632951
    -85368700.59633087
    -85368700.59632982
    -85368700.59632951
    -85368700.59633163
    -85368700.59633163
    -85368700.59632951
    -85368700.59632982
    -85368700.59633087
    -85368700.59632951
    -87424329.60649237
    -92685260.69509889
    -108965747.49150029
    -136495083.0708615
    -162948494.19061932
    -188163411.45836675
c9_values:
    881031126.794055
    862603719.0301065
    844835315.5133305
    827686563.6253486
    812193020.3040712
    798220566.3341591
    780258133.347811
    780258133.3478143
    780258133.3478149
    780258133.3478217
    780258133.3478143
    780258133.3478143
    780258133.3478217
    780258133.3478149
    780258133.3478143
    780258133.347811
    782047056.1693946
    787004296.0238092
    799246454.1060048
    815888719.2896923
    836033895.5804467
    857685786.5351856
