1994497824.4402747
88758882.20000106
-48895359.59785091
75157914.57019702
2259179072.429785
-197598907.19677892
-12463885.885831377
-184882111.56667128
596876486.5961701
1964306122.4666607
80812568.60729589
-43675128.06601614
72813696.87858532
2243511570.2658587
-200554889.77923596
-20889236.261267275
-193709670.52033088
585071645.0756338
1931800509.594664
73825010.63147263
-40267878.10119535
70810745.6480432
2227325523.803464
-202412419.91678295
-27593070.36397872
-200441651.49587467
576113920.0973732
1897755258.313238
66315532.22289391
-35303038.43746296
68702779.73338604
2209807910.4411407
-204194687.08709452
-31010743.175122365
-204331742.575772
571604033.5597122
1893683135.7636905
65127605.891343445
-32532791.792969663
65970787.16704129
2187732594.3511896
-206706431.3163582
-32284685.381751813
-206588664.3086952
569585063.5215098
1893683135.7636986
65127605.89134374
-32532791.79296949
65970787.16704039
2187732594.351182
-206706431.3163578
-32290918.66236413
-206600861.84091088
569574231.4339856
1893683135.7636993
65127605.89134325
-32532791.79296903
65970787.167040095
2187732594.351169
-206706431.3163589
-32290918.662365217
-206600861.84091502
569574231.4339887
1893683135.763699
65127605.89134396
-32532791.792967938
65970787.167042464
2187732594.351182
-206706431.31635895
-32290918.66236592
-206600861.8409126
569574231.4339873
1893683135.7636883
65127605.891345605
-32532791.792967916
65970787.16704201
2187732594.3511877
-206706431.3163557
-32290918.6623675
-206600861.84091488
569574231.4339855
1893683135.7636998
65127605.89134351
-32532791.792967476
65970787.16704169
2187732594.3511834
-206706431.3163593
-32290918.66236404
-206600861.84091353
569574231.4339882
1893683135.7636948
65127605.89134492
-32532791.7929716
65970787.167042024
2187732594.3511844
-206706431.31635955
-32290918.662367586
-206600861.8409131
569574231.4339869
1893683135.7636948
65127605.89134492
-32532791.7929716
65970787.167042024
2187732594.3511844
-206706431.31635955
-32290918.662367586
-206600861.8409131
569574231.4339869
1893683135.7636998
65127605.89134351
-32532791.792967476
65970787.16704169
2187732594.3511834
-206706431.3163593
-32290918.66236404
-206600861.84091353
569574231.4339882
1893683135.7636883
65127605.891345605
-32532791.792967916
65970787.16704201
2187732594.3511877
-206706431.3163557
-32290918.6623675
-206600861.84091488
569574231.4339855
1893683135.763699
65127605.89134396
-32532791.792967938
65970787.167042464
2187732594.351182
-206706431.31635895
-32290918.66236592
-206600861.8409126
569574231.4339873
1893683135.7636993
65127605.89134325
-32532791.79296903
65970787.167040095
2187732594.351169
-206706431.3163589
-32290918.662365217
-206600861.84091502
569574231.4339887
1893683135.7636986
65127605.89134374
-32532791.79296949
65970787.16704039
2187732594.351182
-206706431.3163578
-40991654.657081254
-209497560.77341166
576034105.0684943
1893683135.7636905
65127605.891343445
-32532791.792969663
65970787.16704129
2187732594.3511896
-206706431.3163582
-53747278.70730718
-213858161.21705648
585471168.7294478
1893683135.7636976
65127605.89134464
-32532791.792970113
65970787.16704154
2187732594.3511696
-206706431.31635725
-71950501.65498361
-222069354.32256722
599387795.9623396
1893683135.763692
65127605.89134477
-32532791.792968642
65970787.167039946
2187732594.351178
-206706431.31635827
-90525600.61415637
-235370388.2988913
616693730.1274576
1893683135.7636902
65127605.89134395
-32532791.79296722
65970787.167041376
2187732594.3511815
-206706431.3163574
-106761894.19583829
-247348340.19154286
632877124.8587937
1893683135.763698
65127605.89134381
-32532791.792969633
65970787.16704189
2187732594.351178
-206706431.31635767
-124321769.97559863
-257958170.4257029
649094497.1843407
