c1_values:
    1994497824.4402747
    1964306122.4666607
    1931800509.594664
    1897755258.313238
    1893683135.7636905
    1893683135.7636986
    1893683135.7636993
    1893683135.763699
    1893683135.7636883
    1893683135.7636998
    1893683135.7636948
    1893683135.7636948
    1893683135.7636998
    1893683135.7636883
    1893683135.763699
    1893683135.7636993
    1893683135.7636986
    1893683135.7636905
    1893683135.7636976
    1893683135.763692
    1893683135.7636902
    1893683135.763698
c2_values:
    88758882.20000106
    80812568.60729589
    73825010.63147263
    66315532.22289391
    65127605.891343445
    65127605.89134374
    65127605.89134325
    65127605.89134396
    65127605.891345605
    65127605.89134351
    65127605.89134492
    65127605.89134492
    65127605.89134351
    65127605.891345605
    65127605.89134396
    65127605.89134325
    65127605.89134374
    65127605.891343445
    65127605.89134464
    65127605.89134477
    65127605.89134395
    65127605.89134381
c3_values:
    -48895359.59785091
    -43675128.06601614
    -40267878.10119535
    -35303038.43746296
    -32532791.792969663
    -32532791.79296949
    -32532791.79296903
    -32532791.792967938
    -32532791.792967916
    -32532791.792967476
    -32532791.7929716
    -32532791.7929716
    -32532791.792967476
    -32532791.792967916
    -32532791.792967938
    -32532791.79296903
    -32532791.79296949
    -32532791.792969663
    -32532791.792970113
    -32532791.792968642
    -32532791.79296722
    -32532791.792969633
c4_values:
    75157914.57019702
    72813696.87858532
    70810745.6480432
    68702779.73338604
    65970787.16704129
    65970787.16704039
    65970787.167040095
    65970787.167042464
    65970787.16704201
    65970787.16704169
    65970787.167042024
    65970787.167042024
    65970787.16704169
    65970787.16704201
    65970787.167042464
    65970787.167040095
    65970787.16704039
    65970787.16704129
    65970787.16704154
    65970787.167039946
    65970787.167041376
    65970787.16704189
c5_values:
    2259179072.429785
    2243511570.2658587
    2227325523.803464
    2209807910.4411407
    2187732594.3511896
    2187732594.351182
    2187732594.351169
    2187732594.351182
    2187732594.3511877
    2187732594.3511834
    2187732594.3511844
    2187732594.3511844
    2187732594.3511834
    2187732594.3511877
    2187732594.351182
    2187732594.351169
    2187732594.351182
    2187732594.3511896
    2187732594.3511696
    2187732594.351178
    2187732594.3511815
    2187732594.351178
c6_values:
    -197598907.19677892
    -200554889.77923596
    -202412419.91678295
    -204194687.08709452
    -206706431.3163582
    -206706431.3163578
    -206706431.3163589
    -206706431.31635895
    -206706431.3163557
    -206706431.3163593
    -206706431.31635955
    -206706431.31635955
    -206706431.3163593
    -206706431.3163557
    -206706431.31635895
    -206706431.3163589
    -206706431.3163578
    -206706431.3163582
    -206706431.31635725
    -206706431.31635827
    -206706431.3163574
    -206706431.31635767
c7_values:
    -12463885.885831377
    -20889236.261267275
    -27593070.36397872
    -31010743.175122365
    -32284685.381751813
    -32290918.66236413
    -32290918.662365217
    -32290918.66236592
    -32290918.6623675
    -32290918.66236404
    -32290918.662367586
    -32290918.662367586
    -32290918.66236404
    -32290918.6623675
    -32290918.66236592
    -32290918.662365217
    -40991654.657081254
    -53747278.70730718
    -71950501.65498361
    -90525600.61415637
    -106761894.19583829
    -124321769.97559863
c8_values:
    -184882111.56667128
    -193709670.52033088
    -200441651.49587467
    -204331742.575772
    -206588664.3086952
    -206600861.84091088
    -206600861.84091502
    -206600861.8409126
    -206600861.84091488
    -206600861.84091353
    -206600861.8409131
    -206600861.8409131
    -206600861.84091353
    -206600861.84091488
    -206600861.8409126
    -206600861.84091502
    -209497560.77341166
    -213858161.21705648
    -222069354.32256722
    -235370388.2988913
    -247348340.19154286
    -257958170.4257029
c9_values:
    596876486.5961701
    585071645.0756338
    576113920.0973732
    571604033.5597122
    569585063.5215098
    569574231.4339856
    569574231.4339887
    569574231.4339873
    569574231.4339855
    569574231.4339882
    569574231.4339869
    569574231.4339869
    569574231.4339882
    569574231.4339855
    569574231.4339873
    569574231.4339887
    576034105.0684943
    585471168.7294478
    599387795.9623396
    616693730.1274576
    632877124.8587937
    649094497.1843407
