2030450606.120044
53211697.107884444
-43942694.939819425
67584010.19483978
2578590478.3938665
16123718.67823149
-38799569.83721825
37356251.11104587
651876210.5399055
2014723287.1675086
52776288.9633303
-44696298.76967668
59647703.29882926
2513046530.8811173
23814047.436862905
-41745333.741725855
32299099.856261946
644465623.3559387
2006574391.7246494
52506416.29136448
-45517183.112457335
55886943.931314245
2470193866.591338
30365778.241080143
-43566692.70672035
29096186.40700023
640475739.0631179
2005330424.75227
52325910.592878684
-45923668.71335789
54135190.111484766
2434520111.124136
34501612.53059547
-44143760.90739039
26926315.75449658
637327356.9377601
2005330424.7522757
52325910.59288018
-45923668.713358685
52633193.12865181
2395666088.6130404
37345833.570500456
-44143760.90739001
26926315.754496466
637327356.9377611
2005330424.7522712
52325910.592879735
-45923668.713359915
53299077.54530459
2368942547.115477
33045134.77775144
-44143760.90739177
26926315.754497115
637327356.9377621
2005330424.7522657
52325910.59287882
-45923668.71335918
54139048.84851694
2341137310.069888
28898348.63284161
-44143760.90739036
26926315.754497796
637327356.9377613
2005330424.7522752
52325910.59287881
-45923668.71335967
54139048.84851842
2341137310.0698905
28898348.63284027
-44143760.9073904
26926315.75449698
637327356.937765
2005330424.7522814
52325910.59287869
-45923668.7133594
54139048.84851698
2341137310.0698833
28898348.632842265
-44143760.90739173
26926315.75449681
637327356.937759
2005330424.7522738
52325910.59287915
-45923668.71335877
54139048.84851836
2341137310.069889
28898348.632842183
-44143760.90739219
26926315.754496355
637327356.9377652
2005330424.752273
52325910.59287885
-45923668.71335836
54139048.84851754
2341137310.069875
28898348.632840645
-44143760.90739101
26926315.754498098
637327356.937763
2005330424.752273
52325910.59287885
-45923668.71335836
54139048.84851754
2341137310.069875
28898348.632840645
-44143760.90739101
26926315.754498098
637327356.937763
2005330424.7522738
52325910.59287915
-45923668.71335877
54139048.84851836
2341137310.069889
28898348.632842183
-44143760.90739219
26926315.754496355
637327356.9377652
2005330424.7522814
52325910.59287869
-45923668.7133594
54139048.84851698
2341137310.0698833
28898348.632842265
-44143760.90739173
26926315.75449681
637327356.937759
2005330424.7522752
52325910.59287881
-45923668.71335967
54139048.84851842
2341137310.0698905
28898348.63284027
-44143760.9073904
26926315.75449698
637327356.937765
2005330424.7522657
52325910.59287882
-45923668.71335918
54139048.84851694
2341137310.069888
28898348.63284161
-44143760.90739036
26926315.754497796
637327356.9377613
2005330424.7522712
52325910.592879735
-45923668.713359915
43941542.50009397
2342816760.2687273
28838954.629496373
-44668902.63077253
25767730.96591592
639040399.4674441
2005330424.7522757
52325910.59288018
-45923668.713358685
18041420.047027808
2347082309.5429707
28688102.85191182
-46163844.47878383
22469541.529041346
643916985.8269469
2005330424.75227
52325910.592878684
-45923668.71335789
-952003.0852178615
2350210379.0107493
28577478.215017468
-47912484.527865596
19604478.248934355
649568601.811109
2005330424.7522693
52325910.59287908
-45923668.71335955
-15476385.48046743
2352602432.133177
28492882.904448982
-55567597.129739344
15836267.951907061
658920036.8109008
2005330424.7522683
52325910.59287912
-45923668.71335924
-26943003.160926085
2354490895.1245756
28426097.132947855
-67039816.99085313
165315.82149842588
675197032.6145878
2005330424.7522662
52325910.59287779
-45923668.71335966
-36225503.187964484
2356019650.8794837
28372032.460781675
-77842587.1405563
-15843135.352066556
690694135.2248647
