c1_values:
    2030450606.120044
    2014723287.1675086
    2006574391.7246494
    2005330424.75227
    2005330424.7522757
    2005330424.7522712
    2005330424.7522657
    2005330424.7522752
    2005330424.7522814
    2005330424.7522738
    2005330424.752273
    2005330424.752273
    2005330424.7522738
    2005330424.7522814
    2005330424.7522752
    2005330424.7522657
    2005330424.7522712
    2005330424.7522757
    2005330424.75227
    2005330424.7522693
    2005330424.7522683
    2005330424.7522662
c2_values:
    53211697.107884444
    52776288.9633303
    52506416.29136448
    52325910.592878684
    52325910.59288018
    52325910.592879735
    52325910.59287882
    52325910.59287881
    52325910.59287869
    52325910.59287915
    52325910.59287885
    52325910.59287885
    52325910.59287915
    52325910.59287869
    52325910.59287881
    52325910.59287882
    52325910.592879735
    52325910.59288018
    52325910.592878684
    52325910.59287908
    52325910.59287912
    52325910.59287779
c3_values:
    -43942694.939819425
    -44696298.76967668
    -45517183.112457335
    -45923668.71335789
    -45923668.713358685
    -45923668.713359915
    -45923668.71335918
    -45923668.71335967
    -45923668.7133594
    -45923668.71335877
    -45923668.71335836
    -45923668.71335836
    -45923668.71335877
    -45923668.7133594
    -45923668.71335967
    -45923668.71335918
    -45923668.713359915
    -45923668.713358685
    -45923668.71335789
    -45923668.71335955
    -45923668.71335924
    -45923668.71335966
c4_values:
    67584010.19483978
    59647703.29882926
    55886943.931314245
    54135190.111484766
    52633193.12865181
    53299077.54530459
    54139048.84851694
    54139048.84851842
    54139048.84851698
    54139048.84851836
    54139048.84851754
    54139048.84851754
    54139048.84851836
    54139048.84851698
    54139048.84851842
    54139048.84851694
    43941542.50009397
    18041420.047027808
    -952003.0852178615
    -15476385.48046743
    -26943003.160926085
    -36225503.187964484
c5_values:
    2578590478.3938665
    2513046530.8811173
    2470193866.591338
    2434520111.124136
    2395666088.6130404
    2368942547.115477
    2341137310.069888
    2341137310.0698905
    2341137310.0698833
    2341137310.069889
    2341137310.069875
    2341137310.069875
    2341137310.069889
    2341137310.0698833
    2341137310.0698905
    2341137310.069888
    2342816760.2687273
    2347082309.5429707
    2350210379.0107493
    2352602432.133177
    2354490895.1245756
    2356019650.8794837
c6_values:
    16123718.67823149
    23814047.436862905
    30365778.241080143
    34501612.53059547
    37345833.570500456
    33045134.77775144
    28898348.63284161
    28898348.63284027
    28898348.632842265
    28898348.632842183
    28898348.632840645
    28898348.632840645
    28898348.632842183
    28898348.632842265
    28898348.63284027
    28898348.63284161
    28838954.629496373
    28688102.85191182
    28577478.215017468
    28492882.904448982
    28426097.132947855
    28372032.460781675
c7_values:
    -38799569.83721825
    -41745333.741725855
    -43566692.70672035
    -44143760.90739039
    -44143760.90739001
    -44143760.90739177
    -44143760.90739036
    -44143760.9073904
    -44143760.90739173
    -44143760.90739219
    -44143760.90739101
    -44143760.90739101
    -44143760.90739219
    -44143760.90739173
    -44143760.9073904
    -44143760.90739036
    -44668902.63077253
    -46163844.47878383
    -47912484.527865596
    -55567597.129739344
    -67039816.99085313
    -77842587.1405563
c8_values:
    37356251.11104587
    32299099.856261946
    29096186.40700023
    26926315.75449658
    26926315.754496466
    26926315.754497115
    26926315.754497796
    26926315.75449698
    26926315.75449681
    26926315.754496355
    26926315.754498098
    26926315.754498098
    26926315.754496355
    26926315.75449681
    26926315.75449698
    26926315.754497796
    25767730.96591592
    22469541.529041346
    19604478.248934355
    15836267.951907061
    165315.82149842588
    -15843135.352066556
c9_values:
    651876210.5399055
    644465623.3559387
    640475739.0631179
    637327356.9377601
    637327356.9377611
    637327356.9377621
    637327356.9377613
    637327356.937765
    637327356.937759
    637327356.9377652
    637327356.937763
    637327356.937763
    637327356.9377652
    637327356.937759
    637327356.937765
    637327356.9377613
    639040399.4674441
    643916985.8269469
    649568601.811109
    658920036.8109008
    675197032.6145878
    690694135.2248647
