8160.291963265722
516.5594696938373
-19.474597855251005
267.4374637307648
7953.653277348971
-251.12716398301316
298.29438096362253
152.73608423221296
2851.661850250111
6527.23079384335
558.218776430596
124.06476052739725
506.3132425289156
6164.548429148409
-124.47042566633459
586.3241588602933
421.59853167213817
2333.0819307032393
7665.150167617403
783.231398175224
-177.90638632532307
638.0519694852526
10107.83880784303
192.6611368795527
481.67163493449453
646.6534835233908
3152.4055596784888
7765.530442671909
315.8036471005156
134.6936051627524
589.1608661508785
8397.931648268182
205.89817463042618
517.6117457586009
509.05893966029333
2734.581168898258
7914.7156973563115
289.4743768892024
92.961458118455
356.64872094501345
8797.850711151706
-213.93853275929578
376.09656697265706
287.223971909315
2347.0839608054084
7078.173536540414
470.5256712393216
-135.82446425305878
583.3419870630221
7004.200999677421
265.9811768622794
251.42289800034845
533.1031198859855
2321.586040492995
7289.1689049607585
153.50430957362144
-127.17459225458339
412.26369519255746
6851.346399467762
431.33221265550924
307.9504857089632
826.7322535319776
2437.1772332917985
7446.185502434473
757.942165061517
-481.4662326661175
640.1222094694367
7621.38529354996
180.291718950223
482.0615553285255
813.8523722670016
2826.0432534391684
6492.607998218662
338.3414095983194
-354.8876324715838
292.9059286714065
5886.54698080806
112.2502053209026
41.015453925223596
420.50939902501386
2015.5546096028302
4715.296380960725
189.1997797033606
-88.46835166448994
217.59798684082085
6786.021937294363
430.5254828520043
336.5323958229156
750.0817740947987
1681.421228633311