c1_values:
    8160.291963265722
    6527.23079384335
    7665.150167617403
    7765.530442671909
    7914.7156973563115
    7078.173536540414
    7289.1689049607585
    7446.185502434473
    6492.607998218662
    4715.296380960725
  Average: 7105.435138786974
  Standard Deviation: 953.4105841055394

c2_values:
    516.5594696938373
    558.218776430596
    783.231398175224
    315.8036471005156
    289.4743768892024
    470.5256712393216
    153.50430957362144
    757.942165061517
    338.3414095983194
    189.1997797033606
  Average: 437.28010034655154
  Standard Deviation: 208.08353611082492

c3_values:
    -19.474597855251005
    124.06476052739725
    -177.90638632532307
    134.6936051627524
    92.961458118455
    -135.82446425305878
    -127.17459225458339
    -481.4662326661175
    -354.8876324715838
    -88.46835166448994
  Average: -103.34824336818028
  Standard Deviation: 191.7292072392763

c4_values:
    267.4374637307648
    506.3132425289156
    638.0519694852526
    589.1608661508785
    356.64872094501345
    583.3419870630221
    412.26369519255746
    640.1222094694367
    292.9059286714065
    217.59798684082085
  Average: 450.38440700780694
  Standard Deviation: 152.96481495986424

c5_values:
    7953.653277348971
    6164.548429148409
    10107.83880784303
    8397.931648268182
    8797.850711151706
    7004.200999677421
    6851.346399467762
    7621.38529354996
    5886.54698080806
    6786.021937294363
  Average: 7557.132448455787
  Standard Deviation: 1226.4750237743806

c6_values:
    -251.12716398301316
    -124.47042566633459
    192.6611368795527
    205.89817463042618
    -213.93853275929578
    265.9811768622794
    431.33221265550924
    180.291718950223
    112.2502053209026
    430.5254828520043
  Average: 122.9403985742254
  Standard Deviation: 232.3676524690522

c7_values:
    298.29438096362253
    586.3241588602933
    481.67163493449453
    517.6117457586009
    376.09656697265706
    251.42289800034845
    307.9504857089632
    482.0615553285255
    41.015453925223596
    336.5323958229156
  Average: 367.89812762756446
  Standard Deviation: 150.33628441178752

c8_values:
    152.73608423221296
    421.59853167213817
    646.6534835233908
    509.05893966029333
    287.223971909315
    533.1031198859855
    826.7322535319776
    813.8523722670016
    420.50939902501386
    750.0817740947987
  Average: 536.1549929802128
  Standard Deviation: 213.48135094273988

c9_values:
    2851.661850250111
    2333.0819307032393
    3152.4055596784888
    2734.581168898258
    2347.0839608054084
    2321.586040492995
    2437.1772332917985
    2826.0432534391684
    2015.5546096028302
    1681.421228633311
  Average: 2470.059683579561
  Standard Deviation: 411.5153840059772

