5434.325673985368
136.32323083322603
-226.09208907242578
136.9517361147198
4794.253013655737
-141.35295458033022
-266.62242749802846
-211.7806576874449
1987.3256945323885
5934.197869578156
-11.472469839222233
-66.05188964504899
-12.944646787810099
4670.017893673756
-104.0966467364613
-109.73399471756467
-192.60428176973295
1940.9487446963649
6010.20143393826
34.7023366658723
-156.75296798691875
-353.95399960597825
5965.052335570028
7.084961793073027
-243.88870421063885
-83.76354467576107
1813.0338716195809
4538.449080820483
119.38459774527321
-300.9052311986078
118.45181975894236
3940.952294578344
-150.73426248862575
-337.3518931719463
-168.88694964995813
1375.6204081951103
5495.013176855942
193.85497718121258
153.47170861789905
192.79537553577612
5664.741207719304
210.33530920514778
105.78270126832528
56.50883834605466
2071.093211581839
5236.649333426673
219.64830081952707
202.8497857010493
221.33028321780702
5221.373477426366
555.7134100836305
132.83239137103405
532.2583450447456
1976.2172451812398
5299.292115773493
251.44180409420153
437.1233717195693
255.21252221324266
5798.835805999202
221.87922597098444
422.6541631250589
165.36046269165206
1952.3102189469314
5448.463269555334
308.26189502678716
445.88730231314446
312.48234179641327
7272.529979159062
664.9620576406264
269.3445232703337
554.4868984987031
2632.5743252542907
10309.732742029955
742.1585846714183
619.4988530929497
743.6272304618491
9889.315821793103
45.78077446543748
558.1266867153889
-51.896081637459055
4133.62828866443
4563.510882597367
217.79419282065263
-388.9732049518927
84.57439940618639
4679.099816074192
-520.1700012498617
-391.27231525506613
-572.1703795182439
1880.5980659720628