c1_values:
    5434.325673985368
    5934.197869578156
    6010.20143393826
    4538.449080820483
    5495.013176855942
    5236.649333426673
    5299.292115773493
    5448.463269555334
    10309.732742029955
    4563.510882597367
  Average: 5826.983557856102
  Standard Deviation: 1563.0548025409348

c2_values:
    136.32323083322603
    -11.472469839222233
    34.7023366658723
    119.38459774527321
    193.85497718121258
    219.64830081952707
    251.44180409420153
    308.26189502678716
    742.1585846714183
    217.79419282065263
  Average: 221.20974500189487
  Standard Deviation: 196.75930538864708

c3_values:
    -226.09208907242578
    -66.05188964504899
    -156.75296798691875
    -300.9052311986078
    153.47170861789905
    202.8497857010493
    437.1233717195693
    445.88730231314446
    619.4988530929497
    -388.9732049518927
  Average: 72.00556385897178
  Standard Deviation: 332.9295475415769

c4_values:
    136.9517361147198
    -12.944646787810099
    -353.95399960597825
    118.45181975894236
    192.79537553577612
    221.33028321780702
    255.21252221324266
    312.48234179641327
    743.6272304618491
    84.57439940618639
  Average: 169.85270621111482
  Standard Deviation: 260.5394931137554

c5_values:
    4794.253013655737
    4670.017893673756
    5965.052335570028
    3940.952294578344
    5664.741207719304
    5221.373477426366
    5798.835805999202
    7272.529979159062
    9889.315821793103
    4679.099816074192
  Average: 5789.61716456491
  Standard Deviation: 1620.832495171202

c6_values:
    -141.35295458033022
    -104.0966467364613
    7.084961793073027
    -150.73426248862575
    210.33530920514778
    555.7134100836305
    221.87922597098444
    664.9620576406264
    45.78077446543748
    -520.1700012498617
  Average: 78.94018741036206
  Standard Deviation: 332.92765389697064

c7_values:
    -266.62242749802846
    -109.73399471756467
    -243.88870421063885
    -337.3518931719463
    105.78270126832528
    132.83239137103405
    422.6541631250589
    269.3445232703337
    558.1266867153889
    -391.27231525506613
  Average: 13.987113089689638
  Standard Deviation: 316.0818780000865

c8_values:
    -211.7806576874449
    -192.60428176973295
    -83.76354467576107
    -168.88694964995813
    56.50883834605466
    532.2583450447456
    165.36046269165206
    554.4868984987031
    -51.896081637459055
    -572.1703795182439
  Average: 2.751264964255552
  Standard Deviation: 326.92125035135217

c9_values:
    1987.3256945323885
    1940.9487446963649
    1813.0338716195809
    1375.6204081951103
    2071.093211581839
    1976.2172451812398
    1952.3102189469314
    2632.5743252542907
    4133.62828866443
    1880.5980659720628
  Average: 2176.335007464424
  Standard Deviation: 713.5954386350545

