6670.3028639345985
243.0144738693403
405.02901420660885
271.64270622231237
6224.212909779853
181.34101596243644
710.7464857597706
571.9802907363119
2228.09326587681
4894.572238781492
134.90885824118166
219.7009818323459
48.76397223038052
6118.003199736214
254.03869954821246
325.5992537146186
287.04117122126587
1619.5625371089445
4750.051804780266
243.10868790004213
212.32006571045753
279.34499086223684
4793.509808840815
174.34835434113467
294.24374207241607
360.46560328280447
1748.1596774009554
4557.890053590998
357.09397693622765
123.9673461130569
414.2710374567629
5914.129075958892
497.03904743030336
239.46221985476362
545.4194567649993
1598.7339358478155
4672.720012672938
261.1131044040996
154.45354444826134
253.19531321893652
6616.956969199226
394.05032516787
248.72122276133464
470.1127007100622
1753.0301936756214
6592.079789001315
308.6046813410719
365.01024355901194
274.90384661771157
6580.368521038491
798.7733370203042
429.4581495929111
959.215223275676
2594.4759958704562
5401.701154663599
150.00996495249007
-63.984168602603255
206.77655718789748
5205.508741981168
-53.31800394981558
5.316492720505666
183.14997091701522
1638.9841492956843
6040.673639694577
287.79726274429584
-267.0793120692835
222.96739281612975
6183.698056317545
-662.1277167604393
-167.8794365783207
-540.0689807293106
2432.0924963566877
10250.490154261468
630.7936715308031
247.70226561769107
539.0070368453188
7378.571639718969
-215.40225351889282
336.57517559855796
42.36754581959067
3394.5566819346554
5401.701154663599
150.00996495249007
-63.984168602603255
206.77655718789748
5205.508741981168
-53.31800394981558
5.316492720505666
183.14997091701522
1638.9841492956843