c1_values:
    6670.3028639345985
    4894.572238781492
    4750.051804780266
    4557.890053590998
    4672.720012672938
    6592.079789001315
    5401.701154663599
    6040.673639694577
    10250.490154261468
    5401.701154663599
  Average: 5923.218286604484
  Standard Deviation: 1617.1223915406345

c2_values:
    243.0144738693403
    134.90885824118166
    243.10868790004213
    357.09397693622765
    261.1131044040996
    308.6046813410719
    150.00996495249007
    287.79726274429584
    630.7936715308031
    150.00996495249007
  Average: 276.6454646872042
  Standard Deviation: 137.00293719925727

c3_values:
    405.02901420660885
    219.7009818323459
    212.32006571045753
    123.9673461130569
    154.45354444826134
    365.01024355901194
    -63.984168602603255
    -267.0793120692835
    247.70226561769107
    -63.984168602603255
  Average: 133.31358122129433
  Standard Deviation: 198.24321473360115

c4_values:
    271.64270622231237
    48.76397223038052
    279.34499086223684
    414.2710374567629
    253.19531321893652
    274.90384661771157
    206.77655718789748
    222.96739281612975
    539.0070368453188
    206.77655718789748
  Average: 271.76494106455846
  Standard Deviation: 123.57026101079742

c5_values:
    6224.212909779853
    6118.003199736214
    4793.509808840815
    5914.129075958892
    6616.956969199226
    6580.368521038491
    5205.508741981168
    6183.698056317545
    7378.571639718969
    5205.508741981168
  Average: 6022.046766455234
  Standard Deviation: 737.3214335574751

c6_values:
    181.34101596243644
    254.03869954821246
    174.34835434113467
    497.03904743030336
    394.05032516787
    798.7733370203042
    -53.31800394981558
    -662.1277167604393
    -215.40225351889282
    -53.31800394981558
  Average: 131.54248012912976
  Standard Deviation: 385.4403343448045

c7_values:
    710.7464857597706
    325.5992537146186
    294.24374207241607
    239.46221985476362
    248.72122276133464
    429.4581495929111
    5.316492720505666
    -167.8794365783207
    336.57517559855796
    5.316492720505666
  Average: 242.75597982170635
  Standard Deviation: 235.2895559268139

c8_values:
    571.9802907363119
    287.04117122126587
    360.46560328280447
    545.4194567649993
    470.1127007100622
    959.215223275676
    183.14997091701522
    -540.0689807293106
    42.36754581959067
    183.14997091701522
  Average: 306.2832952915431
  Standard Deviation: 374.2371553840641

c9_values:
    2228.09326587681
    1619.5625371089445
    1748.1596774009554
    1598.7339358478155
    1753.0301936756214
    2594.4759958704562
    1638.9841492956843
    2432.0924963566877
    3394.5566819346554
    1638.9841492956843
  Average: 2064.6673082663315
  Standard Deviation: 564.4405676605929

