1965707364.0790908
47703257.834432
26785075.746002935
53575016.14765669
1900363849.2985497
65752504.29903608
54272661.1211991
113556250.89308916
509004876.4885342
1952536067.6239562
48335639.62716147
28105816.904088795
48722110.27041901
1873273810.270872
66258048.10587878
42308621.87387186
92963710.45462266
494225293.62497425
1937803622.471549
49000557.99519434
29575567.63833879
47872431.99646125
1857794890.40575
65265400.20830578
34722949.558461666
72422633.12841469
482550883.6733348
1924804221.2407231
49494144.80703866
30039503.472653773
48774222.846888505
1851264489.8574603
64523608.002425686
30805491.360433806
59837367.55258805
475794675.92893106
1920977328.0591726
49639451.80781688
30176081.523405544
50038761.09524355
1843441027.6078236
63919616.352177784
30805491.360433325
59837367.552586496
475794675.9289312
1920977328.0591662
49639451.807817064
30176081.523404863
50533223.7237199
1840381879.5648153
63683442.16025426
30805491.360434093
59837367.55258864
475794675.9289329
1920977328.0591707
49639451.807817005
30176081.52340393
50533223.723719165
1840381879.5648122
63683442.160256386
30805491.360434156
59837367.55258691
475794675.9289311
1920977328.059167
49639451.80781724
30176081.523404967
50533223.72371892
1840381879.564824
63683442.16025479
30805491.360434063
59837367.552589364
475794675.9289312
1920977328.059162
49639451.807817526
30176081.523404613
50533223.723719455
1840381879.5648196
63683442.16025589
30805491.36043327
59837367.55258808
475794675.9289298
1920977328.0591643
49639451.80781705
30176081.52340534
50533223.72371924
1840381879.5648265
63683442.16025512
30805491.360433124
59837367.55258699
475794675.928931
1920977328.0591707
49639451.807817854
30176081.523404233
50533223.723720275
1840381879.5648263
63683442.160256766
30805491.360433258
59837367.55258668
475794675.9289298
1920977328.0591707
49639451.807817854
30176081.523404233
50533223.723720275
1840381879.5648263
63683442.160256766
30805491.360433258
59837367.55258668
475794675.9289298
1920977328.0591643
49639451.80781705
30176081.52340534
50533223.72371924
1840381879.5648265
63683442.16025512
30805491.360433124
59837367.55258699
475794675.928931
1920977328.059162
49639451.807817526
30176081.523404613
50533223.723719455
1840381879.5648196
63683442.16025589
30805491.36043327
59837367.55258808
475794675.9289298
1920977328.059167
49639451.80781724
30176081.523404967
50533223.72371892
1840381879.564824
63683442.16025479
30805491.360434063
59837367.552589364
475794675.9289312
1920977328.0591707
49639451.807817005
30176081.52340393
50533223.723719165
1840381879.5648122
63683442.160256386
30805491.360434156
59837367.55258691
475794675.9289311
1917617334.0024903
14757438.84646666
15255868.822984774
50533223.7237199
1840381879.5648153
63683442.16025426
30805491.360434093
59837367.55258864
475794675.9289329
1911684026.4593618
-46839607.794843994
-11091264.257451288
50533223.723720595
1840381879.5648217
63683442.160255864
30805491.360433325
59837367.552586496
475794675.9289312
1907332934.2610698
-92010775.33180407
-30412495.183101572
50533223.723719634
1840381879.5648198
63683442.16025827
30805491.360433806
59837367.55258805
475794675.92893106
1904005628.462386
-126553432.86006638
-45187554.12624639
50533223.7237203
1840381879.5648143
63683442.16025537
29411316.70146479
59392383.09719831
476734301.3661907
1901378808.0949812
-153823951.9613271
-56852074.34452136
50533223.723719865
1840381879.5648284
63683442.16025553
25611828.070608202
56047322.570682906
480222778.6568729
1899252334.4642541
-175900086.47187382
-66294781.18788459
50533223.723719485
1840381879.5648186
63683442.160257064
21994730.805558074
53226174.63296926
483533342.39565915
