c1_values:
    1965707364.0790908
    1952536067.6239562
    1937803622.471549
    1924804221.2407231
    1920977328.0591726
    1920977328.0591662
    1920977328.0591707
    1920977328.059167
    1920977328.059162
    1920977328.0591643
    1920977328.0591707
    1920977328.0591707
    1920977328.0591643
    1920977328.059162
    1920977328.059167
    1920977328.0591707
    1917617334.0024903
    1911684026.4593618
    1907332934.2610698
    1904005628.462386
    1901378808.0949812
    1899252334.4642541
c2_values:
    47703257.834432
    48335639.62716147
    49000557.99519434
    49494144.80703866
    49639451.80781688
    49639451.807817064
    49639451.807817005
    49639451.80781724
    49639451.807817526
    49639451.80781705
    49639451.807817854
    49639451.807817854
    49639451.80781705
    49639451.807817526
    49639451.80781724
    49639451.807817005
    14757438.84646666
    -46839607.794843994
    -92010775.33180407
    -126553432.86006638
    -153823951.9613271
    -175900086.47187382
c3_values:
    26785075.746002935
    28105816.904088795
    29575567.63833879
    30039503.472653773
    30176081.523405544
    30176081.523404863
    30176081.52340393
    30176081.523404967
    30176081.523404613
    30176081.52340534
    30176081.523404233
    30176081.523404233
    30176081.52340534
    30176081.523404613
    30176081.523404967
    30176081.52340393
    15255868.822984774
    -11091264.257451288
    -30412495.183101572
    -45187554.12624639
    -56852074.34452136
    -66294781.18788459
c4_values:
    53575016.14765669
    48722110.27041901
    47872431.99646125
    48774222.846888505
    50038761.09524355
    50533223.7237199
    50533223.723719165
    50533223.72371892
    50533223.723719455
    50533223.72371924
    50533223.723720275
    50533223.723720275
    50533223.72371924
    50533223.723719455
    50533223.72371892
    50533223.723719165
    50533223.7237199
    50533223.723720595
    50533223.723719634
    50533223.7237203
    50533223.723719865
    50533223.723719485
c5_values:
    1900363849.2985497
    1873273810.270872
    1857794890.40575
    1851264489.8574603
    1843441027.6078236
    1840381879.5648153
    1840381879.5648122
    1840381879.564824
    1840381879.5648196
    1840381879.5648265
    1840381879.5648263
    1840381879.5648263
    1840381879.5648265
    1840381879.5648196
    1840381879.564824
    1840381879.5648122
    1840381879.5648153
    1840381879.5648217
    1840381879.5648198
    1840381879.5648143
    1840381879.5648284
    1840381879.5648186
c6_values:
    65752504.29903608
    66258048.10587878
    65265400.20830578
    64523608.002425686
    63919616.352177784
    63683442.16025426
    63683442.160256386
    63683442.16025479
    63683442.16025589
    63683442.16025512
    63683442.160256766
    63683442.160256766
    63683442.16025512
    63683442.16025589
    63683442.16025479
    63683442.160256386
    63683442.16025426
    63683442.160255864
    63683442.16025827
    63683442.16025537
    63683442.16025553
    63683442.160257064
c7_values:
    54272661.1211991
    42308621.87387186
    34722949.558461666
    30805491.360433806
    30805491.360433325
    30805491.360434093
    30805491.360434156
    30805491.360434063
    30805491.36043327
    30805491.360433124
    30805491.360433258
    30805491.360433258
    30805491.360433124
    30805491.36043327
    30805491.360434063
    30805491.360434156
    30805491.360434093
    30805491.360433325
    30805491.360433806
    29411316.70146479
    25611828.070608202
    21994730.805558074
c8_values:
    113556250.89308916
    92963710.45462266
    72422633.12841469
    59837367.55258805
    59837367.552586496
    59837367.55258864
    59837367.55258691
    59837367.552589364
    59837367.55258808
    59837367.55258699
    59837367.55258668
    59837367.55258668
    59837367.55258699
    59837367.55258808
    59837367.552589364
    59837367.55258691
    59837367.55258864
    59837367.552586496
    59837367.55258805
    59392383.09719831
    56047322.570682906
    53226174.63296926
c9_values:
    509004876.4885342
    494225293.62497425
    482550883.6733348
    475794675.92893106
    475794675.9289312
    475794675.9289329
    475794675.9289311
    475794675.9289312
    475794675.9289298
    475794675.928931
    475794675.9289298
    475794675.9289298
    475794675.928931
    475794675.9289298
    475794675.9289312
    475794675.9289311
    475794675.9289329
    475794675.9289312
    475794675.92893106
    476734301.3661907
    480222778.6568729
    483533342.39565915
