2248548848.5543814
80957608.48602997
-46899798.85939165
80591675.5108113
2308419391.793871
-128402332.97671217
-48980341.14208865
-128177981.86737585
670555190.5038824
2007963694.9844253
95168882.95527603
153466207.31396294
95362730.34508322
1891062130.9500136
109225464.13373652
152143500.20345116
112605404.30409886
535808067.86608607
1945014723.3073149
172487721.40587395
78142337.63930172
173524971.6244906
3289560564.4197073
76504626.83901602
78870440.30232318
79610697.51187472
944653551.8588012
1701499597.4246767
16586017.697733456
64676275.12849873
22068505.98424252
4073793775.4917765
129425809.34837617
67093721.66719005
131020479.36391866
819249275.624614
2188490972.7183647
70988903.76170279
-15551824.368184913
81880160.77796106
4114433990.21202
224398114.37088746
-14585060.563092265
225367721.67269084
844044570.9941742
2307868459.116807
79955933.66350505
50431391.21996371
89479532.93106289
4859764780.620872
119527682.6803015
50931801.90241733
120347260.50418167
927073445.013611
2029806055.9280722
54384232.8892186
10492356.28527187
67225628.13477142
5077755832.374309
75492214.60958338
12795723.863136789
76119556.97034465
846641428.7948725
2175874781.64971
279470519.3860202
328296764.352962
286137762.03451824
5912443545.01194
673344926.1821333
332265720.2162175
676650482.9227928
1422640173.9893632
2461907720.6850724
633825357.7282792
755640250.6519768
631765268.0960796
29954214898.202717
4307826257.3942
756039521.6187482
4306446590.822625
3444266186.8044777
1990250918.35884
655195204.5423218
748799026.4795071
653348995.7528231
29876112884.775993
4522435926.347571
748518022.7509675
4521731012.788503
2862037654.0618186
2551120409.4929233
630071228.5698949
771193699.3379273
628415258.2084203
29979548785.426857
4245059441.273251
770780664.0542045
4244394436.080621
3655132169.9635067
