c1_values:
    2248548848.5543814
    2007963694.9844253
    1945014723.3073149
    1701499597.4246767
    2188490972.7183647
    2307868459.116807
    2029806055.9280722
    2175874781.64971
    2461907720.6850724
    1990250918.35884
    2551120409.4929233
c2_values:
    80957608.48602997
    95168882.95527603
    172487721.40587395
    16586017.697733456
    70988903.76170279
    79955933.66350505
    54384232.8892186
    279470519.3860202
    633825357.7282792
    655195204.5423218
    630071228.5698949
c3_values:
    -46899798.85939165
    153466207.31396294
    78142337.63930172
    64676275.12849873
    -15551824.368184913
    50431391.21996371
    10492356.28527187
    328296764.352962
    755640250.6519768
    748799026.4795071
    771193699.3379273
c4_values:
    80591675.5108113
    95362730.34508322
    173524971.6244906
    22068505.98424252
    81880160.77796106
    89479532.93106289
    67225628.13477142
    286137762.03451824
    631765268.0960796
    653348995.7528231
    628415258.2084203
c5_values:
    2308419391.793871
    1891062130.9500136
    3289560564.4197073
    4073793775.4917765
    4114433990.21202
    4859764780.620872
    5077755832.374309
    5912443545.01194
    29954214898.202717
    29876112884.775993
    29979548785.426857
c6_values:
    -128402332.97671217
    109225464.13373652
    76504626.83901602
    129425809.34837617
    224398114.37088746
    119527682.6803015
    75492214.60958338
    673344926.1821333
    4307826257.3942
    4522435926.347571
    4245059441.273251
c7_values:
    -48980341.14208865
    152143500.20345116
    78870440.30232318
    67093721.66719005
    -14585060.563092265
    50931801.90241733
    12795723.863136789
    332265720.2162175
    756039521.6187482
    748518022.7509675
    770780664.0542045
c8_values:
    -128177981.86737585
    112605404.30409886
    79610697.51187472
    131020479.36391866
    225367721.67269084
    120347260.50418167
    76119556.97034465
    676650482.9227928
    4306446590.822625
    4521731012.788503
    4244394436.080621
c9_values:
    670555190.5038824
    535808067.86608607
    944653551.8588012
    819249275.624614
    844044570.9941742
    927073445.013611
    846641428.7948725
    1422640173.9893632
    3444266186.8044777
    2862037654.0618186
    3655132169.9635067
