7075.84027624919
563.7225238366807
-230.50666281980224
563.0457098443782
7826.636504633702
503.6953983118394
-228.28764465669056
504.12995317785203
2880.688228577787
6210.633708981053
360.39994303067004
568.4841181650097
358.80863606885555
6160.632078798667
595.1222973966017
570.0200176877044
591.805935716637
2212.022873163265
5457.142489177412
176.85849919703742
19.561571774611533
177.02535183828488
4150.828736876983
-59.59281754682528
19.67473501424871
-57.8889876256475
1759.3536341904041
5430.470936739091
248.00404561694793
130.31268728561068
244.91269763679878
5779.250907770519
-22.240879331366877
131.36922800001315
-21.50697121121501
1908.8388240182937
6610.357119667775
197.44148424326107
294.53429044773986
196.61768520584334
5651.459411492997
304.7344075207853
296.4203117649612
305.59238700392643
2272.1694311357037
4509.483619018512
201.70519003251502
271.96269211546473
199.07592353201338
4368.989803188699
87.31859669425121
273.7926281132673
88.92364605100666
1483.9082647153266
4723.643926529165
218.35878729626353
205.75046091115735
219.81012941486284
4577.504290989515
212.01080424525202
205.02271176993813
211.33238933956076
1712.3411185583564
5462.595265759685
273.5022484599278
70.25753167953768
271.97205962876205
7052.653243634253
165.07730508996013
71.31295251534449
166.36137242159
2237.081396422872
6063.15059662838
22.816430888759008
-286.46792700712933
23.982010074023048
6178.331369183049
-56.363753645758216
-286.45707692956097
-56.05483488536254
1983.3915857505506
6902.807080088615
71.6796928683207
194.05419130674017
69.8663785073597
4976.384963277143
76.40673030605785
195.28690142969054
76.73000575788309
2062.005978367777