c1_values:
    7075.84027624919
    6210.633708981053
    5457.142489177412
    5430.470936739091
    6610.357119667775
    4509.483619018512
    4723.643926529165
    5462.595265759685
    6063.15059662838
    6902.807080088615
  Average: 5844.612501883888
  Standard Deviation: 831.295130293224

c2_values:
    563.7225238366807
    360.39994303067004
    176.85849919703742
    248.00404561694793
    197.44148424326107
    201.70519003251502
    218.35878729626353
    273.5022484599278
    22.816430888759008
    71.6796928683207
  Average: 233.44888454703832
  Standard Deviation: 142.57736580955225

c3_values:
    -230.50666281980224
    568.4841181650097
    19.561571774611533
    130.31268728561068
    294.53429044773986
    271.96269211546473
    205.75046091115735
    70.25753167953768
    -286.46792700712933
    194.05419130674017
  Average: 123.794295385894
  Standard Deviation: 238.35387966419512

c4_values:
    563.0457098443782
    358.80863606885555
    177.02535183828488
    244.91269763679878
    196.61768520584334
    199.07592353201338
    219.81012941486284
    271.97205962876205
    23.982010074023048
    69.8663785073597
  Average: 232.51165817511816
  Standard Deviation: 142.30217173548922

c5_values:
    7826.636504633702
    6160.632078798667
    4150.828736876983
    5779.250907770519
    5651.459411492997
    4368.989803188699
    4577.504290989515
    7052.653243634253
    6178.331369183049
    4976.384963277143
  Average: 5672.267130984553
  Standard Deviation: 1129.1287477792248

c6_values:
    503.6953983118394
    595.1222973966017
    -59.59281754682528
    -22.240879331366877
    304.7344075207853
    87.31859669425121
    212.01080424525202
    165.07730508996013
    -56.363753645758216
    76.40673030605785
  Average: 180.61680890407973
  Standard Deviation: 216.19500515925128

c7_values:
    -228.28764465669056
    570.0200176877044
    19.67473501424871
    131.36922800001315
    296.4203117649612
    273.7926281132673
    205.02271176993813
    71.31295251534449
    -286.45707692956097
    195.28690142969054
  Average: 124.81547647089162
  Standard Deviation: 238.5447319961674

c8_values:
    504.12995317785203
    591.805935716637
    -57.8889876256475
    -21.50697121121501
    305.59238700392643
    88.92364605100666
    211.33238933956076
    166.36137242159
    -56.05483488536254
    76.73000575788309
  Average: 180.9424895746231
  Standard Deviation: 215.2799014637175

c9_values:
    2880.688228577787
    2212.022873163265
    1759.3536341904041
    1908.8388240182937
    2272.1694311357037
    1483.9082647153266
    1712.3411185583564
    2237.081396422872
    1983.3915857505506
    2062.005978367777
  Average: 2051.1801334900338
  Standard Deviation: 366.6190266879535

