4063205144.3490725
217958840.8659595
26109935.63248131
341708142.23448986
3075768802.5961814
27783870.738891356
-48388745.13388865
-163696992.2824772
1531790888.3820908
3584868932.7865405
205295660.48433238
-12747437.029694317
241316797.23009235
2574854721.8175135
25122906.212968476
-42790216.21446781
-51287965.761730865
1157969758.5121348
3390258416.8088584
195520043.37878618
-30686120.674255885
188044386.36231464
2372884526.2533083
24771836.400652453
-37582432.54333259
-686340.9499349039
1001514131.1112226
3279477655.1719337
188238985.88824728
-41827462.42740214
186803169.43860683
2254204441.3841376
20185949.957662962
-41910076.854302466
21537565.005955383
920975521.1608939
3205877199.349973
182723454.08514413
-49762563.481876045
181230622.837998
2177755275.4028234
16804988.521057494
-49703200.23166834
18383822.75753099
883477862.6823198
3152384121.0429564
178417646.96436912
-55862217.62348158
176923442.0523117
2123190499.0943077
14108119.155760784
-55607167.25792287
15902095.29050712
856604542.7778635
3111152768.01455
174956547.47003946
-60784555.2115053
173492229.60610977
2081723030.3515859
11869521.03664907
-60305790.41267155
13865123.332790447
836080841.0829933
3078032216.347289
172103107.2280924
-64893704.68612488
170683262.59595862
2048794328.9361951
9958480.74400809
-64180716.14800757
12143202.368040033
819684981.1176025
3050603072.1290855
169699809.92415842
-68410692.60239166
168328900.04578945
2021790735.5259886
8293047.618297171
-67464431.43177624
10656334.531679282
806144625.5072788
3027351251.6700864
167638760.50117415
-71478712.85272577
166315663.78716704
1999097065.4774458
6818625.864727998
-70307235.56055292
9352094.316713331
794676633.2527685
