c1_values:
    4063205144.3490725
    3584868932.7865405
    3390258416.8088584
    3279477655.1719337
    3205877199.349973
    3152384121.0429564
    3111152768.01455
    3078032216.347289
    3050603072.1290855
    3027351251.6700864
c2_values:
    217958840.8659595
    205295660.48433238
    195520043.37878618
    188238985.88824728
    182723454.08514413
    178417646.96436912
    174956547.47003946
    172103107.2280924
    169699809.92415842
    167638760.50117415
c3_values:
    26109935.63248131
    -12747437.029694317
    -30686120.674255885
    -41827462.42740214
    -49762563.481876045
    -55862217.62348158
    -60784555.2115053
    -64893704.68612488
    -68410692.60239166
    -71478712.85272577
c4_values:
    341708142.23448986
    241316797.23009235
    188044386.36231464
    186803169.43860683
    181230622.837998
    176923442.0523117
    173492229.60610977
    170683262.59595862
    168328900.04578945
    166315663.78716704
c5_values:
    3075768802.5961814
    2574854721.8175135
    2372884526.2533083
    2254204441.3841376
    2177755275.4028234
    2123190499.0943077
    2081723030.3515859
    2048794328.9361951
    2021790735.5259886
    1999097065.4774458
c6_values:
    27783870.738891356
    25122906.212968476
    24771836.400652453
    20185949.957662962
    16804988.521057494
    14108119.155760784
    11869521.03664907
    9958480.74400809
    8293047.618297171
    6818625.864727998
c7_values:
    -48388745.13388865
    -42790216.21446781
    -37582432.54333259
    -41910076.854302466
    -49703200.23166834
    -55607167.25792287
    -60305790.41267155
    -64180716.14800757
    -67464431.43177624
    -70307235.56055292
c8_values:
    -163696992.2824772
    -51287965.761730865
    -686340.9499349039
    21537565.005955383
    18383822.75753099
    15902095.29050712
    13865123.332790447
    12143202.368040033
    10656334.531679282
    9352094.316713331
c9_values:
    1531790888.3820908
    1157969758.5121348
    1001514131.1112226
    920975521.1608939
    883477862.6823198
    856604542.7778635
    836080841.0829933
    819684981.1176025
    806144625.5072788
    794676633.2527685
