7845.992336381101
727.5416567997337
-140.40668235552826
698.6333874840568
9802.796950079193
264.07765349159564
407.89272227986055
671.6122974173988
3233.196615131093
7183.431876431567
683.5429394542139
-72.59383554133439
602.1217590609867
8976.43558100663
235.25114102204375
297.87939725056873
539.9620759778121
3096.960985467607
6555.600772213676
630.5322872357219
-11.702325513542323
552.2335149073721
8274.678705042372
226.23511541508816
198.0027527895545
413.7174095266326
2970.4578566892974
5863.375989250023
555.0342619907519
48.26097485364298
511.56292532104356
7493.564041813758
231.56734293558551
124.00891387204133
321.9936351234813
2862.884128196527
5452.104780271732
492.05230559932835
64.99787219961118
492.63262793119657
6940.716980995875
251.7553080020473
64.53162383600547
251.8359995708489
2761.808026835437
5452.104780271732
492.0523055993321
64.99787219961313
492.73383070030025
6939.903706635934
251.95879764884918
64.53162383600797
251.83599957084826
2761.8080268354215
5452.104780271732
492.0523055993321
64.99787219961313
492.73383070030025
6939.903706635934
251.95879764884918
64.53162383600797
251.83599957084826
2761.8080268354215
5452.104780271732
492.05230559932835
64.99787219961118
492.73383070030746
6939.903706635964
251.95879764885066
64.53162383600547
251.8359995708489
2761.808026835437
5452.104780271731
492.05230559932744
64.9978721996136
492.7338307003029
6939.903706635948
251.9587976488525
-47.35868478662676
216.99240831301196
2844.1099435864135
5453.528933027541
492.48666733202634
63.56564384585796
492.7338307003005
6939.903706635945
251.95879764884998
-227.55864971884813
163.95344270940382
2969.79718929265
5459.276536526276
494.2396667938815
57.78544880469326
480.90266403442723
6947.185951273205
253.80071662942598
-381.37656844499315
87.54286092145752
3103.2487907353548
5465.171364761634
492.230226317608
51.446576472370595
472.30744710303355
6952.478432754493
255.1367889838668
-514.3028531525565
-25.974954942294207
3238.6310922278835