c1_values:
    7845.992336381101
    7183.431876431567
    6555.600772213676
    5863.375989250023
    5452.104780271732
    5452.104780271732
    5452.104780271732
    5452.104780271732
    5452.104780271731
    5453.528933027541
    5459.276536526276
    5465.171364761634
c2_values:
    727.5416567997337
    683.5429394542139
    630.5322872357219
    555.0342619907519
    492.05230559932835
    492.0523055993321
    492.0523055993321
    492.05230559932835
    492.05230559932744
    492.48666733202634
    494.2396667938815
    492.230226317608
c3_values:
    -140.40668235552826
    -72.59383554133439
    -11.702325513542323
    48.26097485364298
    64.99787219961118
    64.99787219961313
    64.99787219961313
    64.99787219961118
    64.9978721996136
    63.56564384585796
    57.78544880469326
    51.446576472370595
c4_values:
    698.6333874840568
    602.1217590609867
    552.2335149073721
    511.56292532104356
    492.63262793119657
    492.73383070030025
    492.73383070030025
    492.73383070030746
    492.7338307003029
    492.7338307003005
    480.90266403442723
    472.30744710303355
c5_values:
    9802.796950079193
    8976.43558100663
    8274.678705042372
    7493.564041813758
    6940.716980995875
    6939.903706635934
    6939.903706635934
    6939.903706635964
    6939.903706635948
    6939.903706635945
    6947.185951273205
    6952.478432754493
c6_values:
    264.07765349159564
    235.25114102204375
    226.23511541508816
    231.56734293558551
    251.7553080020473
    251.95879764884918
    251.95879764884918
    251.95879764885066
    251.9587976488525
    251.95879764884998
    253.80071662942598
    255.1367889838668
c7_values:
    407.89272227986055
    297.87939725056873
    198.0027527895545
    124.00891387204133
    64.53162383600547
    64.53162383600797
    64.53162383600797
    64.53162383600547
    -47.35868478662676
    -227.55864971884813
    -381.37656844499315
    -514.3028531525565
c8_values:
    671.6122974173988
    539.9620759778121
    413.7174095266326
    321.9936351234813
    251.8359995708489
    251.83599957084826
    251.83599957084826
    251.8359995708489
    216.99240831301196
    163.95344270940382
    87.54286092145752
    -25.974954942294207
c9_values:
    3233.196615131093
    3096.960985467607
    2970.4578566892974
    2862.884128196527
    2761.808026835437
    2761.8080268354215
    2761.8080268354215
    2761.808026835437
    2844.1099435864135
    2969.79718929265
    3103.2487907353548
    3238.6310922278835
